1 2
1 2
1 2
1 3
1 4
5 6
5 6
5 7
5 6
8 3
3 4
9 5
6 10
6 10
6 10
10 6
10 11
10 12
10 2
10 13
10 6
10 7
14 1
14 2
14 4
7 6
8 15
8 15
8 15
16 17
18 19
18 20
18 17
17 16
17 21
15 8
15 8
15 8
15 8
15 22
15 23
15 24
23 22
25 26
25 27
25 26
28 29
28 30
28 31
28 32
28 33
28 34
28 35
28 36
28 37
28 38
27 39
27 39
27 40
19 41
19 26
19 27
40 27
40 27
42 19
42 19
42 35
42 38
42 28
42 29
43 31
43 26
43 27
43 44
43 28
43 45
43 46
33 28
35 28
29 28
29 28
38 28
47 43
47 31
47 43
47 43
47 28
47 28
20 48
20 49
20 34
50 42
50 42
50 51
50 12
50 52
50 53
50 38
50 54
50 51
50 49
53 55
53 56
57 58
59 58
21 58
60 55
18 61
18 58
18 62
56 60
56 60
56 60
56 60
49 62
63 50
63 51
38 48
52 50
52 50
58 64
58 65
58 55
58 56
58 62
58 60
58 62
58 66
58 66
58 62
12 51
65 58
67 68
19 69
68 70
68 71
72 67
72 73
72 67
72 74
72 67
72 74
74 67
74 72
75 48
75 76
77 78
77 79
77 79
77 79
77 80
77 81
77 78
50 82
50 12
50 83
50 38
50 79
84 85
84 86
84 58
84 87
84 88
84 82
84 59
19 62
82 49
82 63
82 89
82 12
49 82
63 50
63 82
38 12
79 77
79 77
90 91
76 4
92 93
92 94
92 62
92 45
92 41
92 41
92 95
92 95
92 72
96 91
69 91
97 91
97 98
97 96
99 19
99 100
99 96
99 101
99 42
99 77
99 102
99 80
99 75
99 69
99 103
56 56
56 39
56 39
56 39
56 39
56 91
91 98
91 104
91 29
91 90
91 105
91 46
91 106
91 107
91 98
91 108
91 109
91 97
91 39
91 39
91 96
91 110
91 12
110 39
19 111
19 39
19 112
19 39
19 39
19 7
46 113
72 39
72 39
72 39
72 39
72 39
39 102
39 114
39 115
39 66
4 116
4 117
4 118
4 94
4 76
4 51
113 39
113 85
113 26
113 46
113 111
113 119
113 83
113 114
113 72
111 46
101 99
120 121
120 122
123 69
123 69
123 49
123 69
123 69
123 123
124 125
124 126
124 126
124 126
124 126
124 125
124 126
124 121
124 25
124 25
124 125
124 127
124 122
124 128
124 125
124 37
124 69
124 121
124 12
124 102
124 129
124 51
124 34
124 122
124 130
124 121
124 51
124 53
124 131
124 132
124 133
124 134
124 90
124 129
124 121
124 3
124 127
124 37
124 135
124 121
124 127
124 121
90 136
25 125
25 124
25 124
25 137
25 138
25 70
25 139
25 140
25 71
25 124
25 141
25 141
51 53
51 118
51 142
51 143
51 144
51 145
51 53
51 31
146 141
146 147
138 137
138 125
138 125
138 125
141 148
141 149
141 148
141 150
141 151
141 152
141 56
141 153
141 154
141 155
141 155
141 67
141 113
141 156
141 157
141 72
141 158
141 159
141 85
141 160
141 68
141 161
141 162
141 88
141 146
141 163
141 164
141 70
141 51
141 148
141 153
121 125
121 102
121 12
121 78
121 132
121 108
121 79
121 122
121 141
121 77
121 125
121 120
121 34
121 165
121 166
121 167
121 36
121 69
121 168
121 169
121 170
121 156
121 141
121 149
121 171
121 76
121 172
121 173
139 25
127 121
127 124
69 123
69 123
69 123
69 123
69 123
69 49
69 123
69 123
69 129
69 51
69 141
69 123
69 123
56 51
56 141
70 125
70 124
70 138
70 141
70 51
70 124
70 125
70 138
174 51
174 141
155 122
49 123
72 141
72 51
72 51
72 141
72 51
72 141
102 125
129 125
129 37
129 128
129 38
166 51
175 51
175 141
125 138
125 138
125 126
149 122
149 122
149 136
149 125
149 176
149 127
149 175
149 5
149 177
149 178
149 122
122 125
130 51
130 148
130 51
130 141
126 125
126 124
12 125
12 138
12 124
12 125
12 138
154 51
154 141
49 4
4 49
179 4
94 162
94 162
180 54
180 94
180 45
180 181
170 54
170 180
170 54
170 181
170 180
170 165
170 45
165 170
165 14
165 170
165 54
165 121
165 170
165 121
165 170
165 170
182 4
116 2
116 2
116 62
116 183
116 68
116 56
116 2
116 184
116 4
92 116
92 68
92 94
92 182
92 70
92 185
92 93
92 2
92 2
92 151
92 62
92 62
92 185
92 68
92 162
92 88
92 186
92 68
92 2
92 72
53 183
53 185
53 2
53 183
185 94
3 19
3 19
9 102
9 128
9 4
9 102
9 187
9 128
9 188
69 128
69 189
69 3
69 80
69 190
69 19
69 3
69 100
69 189
69 23
69 48
69 2
69 38
69 49
183 162
183 88
183 191
183 7
183 139
183 72
192 35
192 53
192 193
192 32
192 170
192 175
192 4
173 38
173 128
187 4
70 5
70 92
70 148
94 116
19 69
19 45
19 94
19 58
19 112
19 119
19 155
19 194
19 195
19 196
68 4
72 92
2 116
2 188
2 184
2 4
74 94
74 183
74 62
74 9
74 185
74 62
62 94
62 185
62 92
62 94
62 34
62 94
4 75
4 116
4 189
4 128
4 190
4 102
4 145
4 145
4 80
4 107
4 92
4 9
4 92
4 56
4 192
4 128
4 90
4 9
4 38
197 56
197 19
197 137
197 183
197 186
197 58
197 112
197 188
93 62
80 190
80 185
107 4
8 3
3 197
3 100
3 8
3 8
3 69
18 197
19 18
19 18
72 197
72 18
72 18
197 18
197 19
197 18
197 137
197 54
197 72
198 199
143 16
143 200
143 144
143 201
143 202
143 144
203 204
203 199
205 204
199 204
199 206
199 198
199 207
199 208
199 204
199 204
199 209
199 210
3 204
3 199
3 204
3 204
3 204
3 205
3 204
3 199
211 199
9 199
202 204
117 204
117 199
117 204
117 204
99 19
99 20
99 104
99 3
99 204
99 20
99 199
99 202
104 204
56 54
19 195
19 5
19 160
19 199
19 144
54 143
54 200
54 195
54 56
54 212
54 5
54 72
54 209
54 160
7 16
49 199
213 204
72 209
72 143
72 54
72 16
72 204
72 54
72 143
204 199
204 209
204 199
204 209
204 199
204 209
204 214
204 104
204 117
204 117
204 211
204 213
204 9
204 203
204 49
204 215
204 216
204 210
204 199
204 206
204 20
204 217
204 205
204 210
204 199
204 143
204 209
209 218
209 219
209 16
209 45
209 160
209 212
209 67
209 202
209 7
209 16
209 143
209 54
214 209
214 54
214 204
200 54
18 42
18 10
42 18
42 17
42 195
