8
2
(1,0)
(1,0,0,0,0,0,0,0,0,0,0,0,0,0,1,0,0,1)
3
(0,0,999)
(0,0,1)
(1,0,1,0,1)
4
(101,12,321,1)
(0,1,45,23,1)
(10000)
(0,2,0,0,0,0,1)
1
(999)
11
(0,1)
(10,10)
(1,1,1,1,1,1)
(2,2,2,2,2,2,2)
(3,3,3,3,3,3,3,3)
(4,4,4,4,4,4,4,4,4)
(5,5,5,5,5,5,5,5,5,5)
(6,6,6,6,6,6,6,6,6,6,6)
(7,7,7,7,7,7,7,7,7,7,7,7)
(8,8,8,8,8,8,8,8,8,8,8,8,8)
(9,9,9,9,9,9,9,9,9,9,9,9,9,9)
3
(2,1,2,2)
(9,0,0,1)
(87,22,11111111,92)
6
(9999999,1)
(1,9999999)
(1,0,1)
(0,1)
(0,0,0,0,1111111)
(9)
8
(0,10)
(10,10,10)
(10,10,10,10)
(100,10)
(10)
(10,10,10)
(10,1,10)
(0,1)