7
216
99
7
219
97
5
227
8
220
8
222
8
224
8
222
7
212
99
7
221
97
5
227
8
220
8
222
8
224
8
222
7
213
99
7
223
97
5
227
8
220
8
222
8
224
8
222
7
214
99
7
225
97
5
227
8
220
8
222
8
224
8
222
7
215
99
7
226
97
5
227
8
220
0
7
99
79
7
-1
96
4
217
96
98
6
98
97
8
96
1
218
99
99
5
227
0
0
0
0
61
61
61
61
61
61
61
61
61
61
61
32
84
79
68
79
32
61
61
61
61
61
61
61
61
61
61
61
0
69
110
116
101
110
100
101
114
32
111
112
101
114
97
99
111
101
115
0
67
111
100
97
114
32
105
110
116
101
114
112
114
101
116
97
100
111
114
0
79
117
118
105
114
32
109
117
105
116
111
32
112
117
110
107
33
33
0
65
98
114
105
114
32
112
111
114
116
97
115
32
101
109
32
50
48
55
55
32
46
46
46
0
129
148
168
187
100
0
1
8
10
24
32
40
45
56
72
75
0
0
0
0
0
0
0
0
0
0
0
0
0
0
0
0
0
0
0
0
0
0
0
0
0
0
0
0
0
0
0
0
0
0
0
0
0
0
0
0
0
0
0
0
0
0
0
0
0
0
0
0
0
0
0
0
0
0
0
0
0
0
0
0
0
0
0
0
0
0
0
0
0
0
0
0
0
0
0
0
0
0
0
0
0
0
0
0
0
0
0
0
0
0
0
0
0
0
0
0
0
0
0
0
0
0
0
0
0
0
0
0
0
0
0
0
0
0
0
0
0
0
0
0
0
0
0
0
0
0
0
0
0
0
0
0
0
0
0
0
0
0
0
0
0
0
0
0
0
0
0
0
0
0
0
0
0
0
0
0
0
0
0
0
0
0
0
0
0
0
0
0
0
0
0
0
0
0
0
0
0
0
0
0
0
0
0
0
0
0
0
0
0
0
0
0
0
0
0
0
0
0
0
0
0
0
0
0
0
0
0
0
0
0
0
0
0
0
0
0
0
0
0
0
0
0
0
0
0
0
0
0
0
0
0
0
0
0
0
0
0
0
0
0
0
0
0
0
0
0
0
0
0
0
0
0
0
0
0
0
0
0
0
0
0
0
0
0
0
0
0
0
0
0
0
0
0
0
0
0
0
0
0
0
