7
252
5
7
354
-1
1
252
357
252
7
252
15
7
362
-1
1
252
357
252
5
356
1
252
359
252
9
511
7
252
33
7
353
-1
1
252
357
252
7
252
43
7
363
-1
1
252
357
252
5
356
1
252
359
252
7
252
59
7
511
-1
1
252
357
252
7
252
69
7
364
-1
1
252
357
252
5
352
1
252
359
252
9
250
8
361
7
252
89
7
355
-1
1
252
357
252
7
252
99
7
365
-1
1
252
357
252
5
356
1
252
359
252
0
1
252
360
249
7
249
119
7
-1
249
3
249
360
248
6
248
367
1
249
357
248
7
252
137
7
248
-1
1
252
357
252
7
252
147
7
366
-1
1
252
357
252
5
352
1
252
359
252
7
252
162
7
-1
248
1
252
360
249
7
249
172
7
-1
249
2
249
250
250
1
252
359
252
7
252
186
7
-1
251
5
251
7
359
250
1
252
359
252
7
252
201
7
-1
251
5
251
1
252
360
249
7
249
213
7
-1
253
7
253
219
7
-1
248
4
358
248
251
6
251
369
8
248
1
359
253
253
5
368
1
252
359
252
7
252
244
7
-1
251
5
251
0
0
0
0
510
0
67
97
108
99
117
108
97
110
100
111
32
102
97
116
111
114
105
97
108
40
0
41
32
61
32
0
78
79
84
65
58
32
65
108
116
101
114
101
32
111
32
117
108
116
105
109
111
32
118
97
108
111
114
32
100
97
32
102
105
116
97
32
112
97
114
97
32
109
117
100
97
114
32
111
32
118
97
108
111
114
32
97
32
115
101
114
32
99
97
108
99
117
108
97
100
111
10
0
111
275
254
280
205
-1
0
1
2
10
22
50
76
106
154
190
215
236
0
0
0
0
0
0
0
0
0
0
0
0
0
0
0
0
0
0
0
0
0
0
0
0
0
0
0
0
0
0
0
0
0
0
0
0
0
0
0
0
0
0
0
0
0
0
0
0
0
0
0
0
0
0
0
0
0
0
0
0
0
0
0
0
0
0
0
0
0
0
0
0
0
0
0
0
0
0
0
0
0
0
0
0
0
0
0
0
0
0
0
0
0
0
0
0
0
0
0
0
0
0
0
0
0
0
0
0
0
0
0
0
0
0
0
0
0
0
0
0
0
0
0
0
0
0
0
0
0
0
0
0
0
0
0
0
0
0
0
0
0
7
