1 2
1 3
2 4
3 5
3 4
4 6
4 7
4 8
4 9
4 10
4 11
4 12
4 13
4 14
13 15
13 16
16 17
16 18
16 19
14 20
20 21
20 22
20 23
20 24
25 26
26 27
26 28
26 29
26 30
31 32
33 34
35 36
36 37
36 38
36 39
36 40
36 41
36 42
36 43
36 44
36 45
36 46
36 47
36 48
36 49
50 51
52 53
54 55
56 57
58 59
59 60
59 61
59 62
63 64
65 66
67 68
67 69
67 70
67 71
67 72
67 73
73 74
73 75
74 76
75 77
77 78
77 79
77 80
77 81
77 82
77 83
77 84
77 85
77 86
77 87
77 88
77 89
77 90
77 91
77 92
81 93
88 94
91 94
91 95
91 96
91 97
94 98
94 99
94 100
94 101
94 102
103 96
92 104
92 105
92 106
92 107
93 108
93 109
93 110
93 111
93 112
93 113
93 114
93 115
93 116
93 117
93 118
93 119
93 120
93 121
93 122
93 123
93 124
93 125
93 126
93 127
93 128
93 129
93 130
93 131
93 132
93 133
93 134
93 135
118 136
125 97
126 137
126 138
126 97
126 128
127 139
128 140
128 141
128 142
128 139
129 140
129 139
130 140
131 140
131 139
132 140
133 140
134 143
134 144
134 145
134 146
134 147
135 148
135 149
135 150
135 151
135 152
135 153
135 154
135 140
140 155
140 156
140 157
140 158
157 139
157 97
139 159
139 160
97 161
97 162
97 163
97 164
97 165
97 166
97 167
97 168
97 169
97 170
97 171
97 172
168 173
169 174
169 175
173 176
177 178
178 179
178 180
179 181
181 180
180 182
180 183
180 184
180 185
180 186
180 187
180 188
180 189
180 190
188 191
189 191
190 191
191 192
193 194
194 195
194 196
197 198
199 200
201 202
203 204
205 206
207 208
209 210
211 212
213 214
214 215
214 216
216 217
218 219
220 221
222 223
224 225
226 227
228 229
230 231
230 232
230 233
230 234
230 235
230 236
230 237
230 238
230 239
230 240
241 242
241 243
241 244
241 245
241 246
241 247
241 248
241 249
241 250
241 251
241 252
241 253
241 254
241 255
241 256
241 257
241 258
241 259
241 260
241 261
241 262
241 263
241 264
241 265
241 266
241 267
241 268
241 269
241 270
241 271
241 272
241 273
241 274
241 275
242 276
246 277
251 278
252 278
252 279
268 280
276 281
276 282
276 283
276 284
276 285
276 286
280 287
287 288
289 278
279 290
290 291
