9953
390
486
2058
2814
3786
5178
5634
6486
6702
7542
7854
7938
8118
8586
9510
9708
10044
10080
10512
10746
12582
13284
14232
14460
15378
15594
15792
16314
16362
17916
17970
18222
19170
19344
19374
19866
20724
21174
21276
21372
21510
22614
23400
24294
24336
24486
24840
24906
24948
25800
25938
26304
26814
26832
26892
27456
28560
28926
29550
30906
32682
33288
33696
34518
34626
36612
37044
37146
37272
37512
37866
38316
38490
38868
39642
40614
40716
40854
43686
45462
46530
46818
48654
51324
51342
52716
54144
55470
56118
56412
56736
58428
59562
60678
60792
61644
62916
63408
64182
64890
66024
66492
67128
67200
67362
67554
68250
68352
69372
71604
71754
71880
71994
72246
72564
72822
73248
73326
73686
73926
75042
76686
77244
77556
78468
78546
78852
78906
78978
79074
79242
81354
81756
83784
85158
85374
85836
85926
86502
87804
89694
90642
91554
92472
93096
93228
94488
95238
95316
95328
95550
96048
96546
96780
97950
99540
100032
101376
101772
102288
103176
103212
103914
104520
105348
105708
106122
107232
107280
107310
107400
107472
109128
109164
110484
110604
110730
110946
112530
113766
116358
116520
117474
119064
119610
120726
121596
121662
122028
122820
123486
123804
125490
125526
125592
126144
126726
127218
128280
130824
131988
135354
135708
135768
136308
136434
137304
137628
137634
138102
139224
139242
139380
139590
140274
140802
141570
142338
143484
143496
143934
144042
144312
144708
145650
146748
147678
147960
149202
149628
149898
150204
150336
150930
151212
151458
151884
151920
152298
152454
152508
152874
153318
153480
153942
155496
156018
156156
156240
156276
157380
157644
158220
158328
158382
159072
159726
160548
160992
161016
161100
161124
161136
161790
162774
164130
164484
165576
165588
165720
166152
166542
166650
166656
166806
166818
168324
168438
169410
169740
169932
169956
170544
171084
171204
171546
172434
172926
173514
174018
174132
174438
174564
175098
175410
176256
176562
177084
177354
177468
177648
178014
178032
178668
178794
180132
181248
184344
184566
185088
185364
186006
186774
186954
187002
187038
187278
188400
189132
189198
189342
189510
189876
190140
190974
191226
192738
192918
193350
194022
194040
194592
197136
197610
197718
197772
197910
198930
199026
200514
201000
201810
202044
202626
203286
204024
204042
204066
205308
207534
207618
208062
209280
210474
211920
213438
214194
214404
215874
215952
215976
216498
216744
216810
217620
217968
219174
221268
221754
221820
221838
221904
222840
223638
225108
225180
225360
226236
226830
227496
228558
228594
229692
230520
231618
232038
234006
234618
234834
235410
235602
236478
236532
237042
237420
239130
239304
239364
239814
240660
240882
241224
241980
242598
242682
243504
244146
244782
247368
248034
248136
249642
250380
251562
251580
252156
252366
253104
253662
253752
254406
254610
255006
255570
256128
257952
258246
258528
258558
259626
260076
260412
260712
261120
261480
263646
263922
264450
266082
266604
266730
269328
269370
269658
269910
269946
270660
270942
271518
271542
272820
273522
275022
275184
275400
275670
276120
277026
277254
277590
278388
278766
279264
279900
280908
281724
284832
285576
287442
288702
289656
290034
290316
293400
293748
294048
295878
296724
297222
297492
297630
297732
297864
297942
298062
302244
305046
306450
306756
309102
309342
309816
309882
312024
312576
312852
313050
314268
314910
315234
315822
316680
317472
317754
318768
319770
319812
319866
320574
321264
322536
322710
322800
323958
324060
324498
324996
326106
326226
327330
328506
328752
328830
328884
329640
330582
331410
332262
332640
333900
334128
335208
336174
336798
336966
337650
338604
338862
339660
339738
339804
340146
340482
341322
341628
343224
343290
343314
343362
343464
344334
345582
345948
346128
346170
346398
346632
346758
347628
348054
348432
348852
349482
350328
350418
350868
351456
352878
353916
354564
354612
355218
355488
356052
356754
357336
357846
358392
359160
360828
362010
362220
362232
363216
363366
364254
364428
364680
367950
368046
368214
369498
369984
370632
371316
371328
371754
371820
372516
373302
373776
374004
374088
374202
375300
375570
376026
377868
379332
379722
380556
380694
380712
381282
382974
383394
383568
383928
384162
384420
384438
384582
384792
385326
385458
385614
385662
387828
388176
389088
389706
389928
391278
391464
391998
392166
392958
393120
393258
394014
394038
394692
396252
397092
397320
397806
398442
399492
399810
400500
400884
400908
401550
401670
402060
402276
402516
403596
403758
404430
404442
404550
405468
405594
406092
406698
407094
407166
407724
408684
408900
410208
411648
411660
411936
412104
413490
414300
414594
415014
415266
416004
416424
416754
416838
417654
418302
419490
419688
419826
420150
420444
421242
421320
421560
422262
422364
422526
422550
422622
423210
424068
425700
428172
428664
428814
430122
430872
430878
430956
431460
431628
431766
431916
432108
433380
433596
433938
434016
434286
434880
435102
436110
436878
437022
437100
437190
437628
437670
438114
438120
438348
438420
439770
440364
440628
441066
441468
441702
441864
442140
442530
442572
442632
442890
443538
445044
445266
445488
445728
446142
446580
446610
447090
448362
448494
448752
449856
450264
450768
450930
451524
452220
452514
452556
452664
454686
455130
455916
457620
457728
458058
458100
459696
459906
460530
460860
462768
463482
464052
465348
465696
466380
466506
466710
468462
469272
469638
469872
470724
471024
471342
471684
472158
472902
473484
474588
475008
475326
477078
477486
477648
477876
477990
478128
478440
478452
479292
479436
479586
480954
481050
481434
481626
482154
482406
483150
483792
484212
485100
486054
487986
488136
488454
490074
490092
490230
490314
491142
492366
492672
495018
495462
496434
497418
497712
497862
499026
499806
500700
500886
501684
501792
503088
503118
503736
503832
503898
505074
505194
505410
507456
508716
510102
510180
510408
510462
510486
510762
513132
513228
513714
513774
515532
515640
516342
516540
516822
518352
518934
519000
519306
519738
520728
520806
520902
522582
522792
522930
522978
523164
523296
523410
523458
523740
523962
524334
525102
525276
525702
525960
527190
527484
529470
532206
532878
532908
534330
534504
534780
535350
537522
537612
537858
538554
540252
540342
540534
540810
540894
541152
542490
543444
544812
545340
545436
545550
546294
547362
547656
547890
548394
548886
550050
550074
551394
551538
551694
552150
552930
553374
553488
554184
556362
556386
556986
557058
557280
558480
559194
559674
560262
560502
561036
561204
561606
561762
562182
562368
562782
562914
563616
563634
563826
564828
565272
565626
569478
570732
571014
571356
571464
571608
571722
572058
572538
572724
572988
573276
573570
573888
575244
575256
575976
576450
577032
577278
578268
578298
579234
580494
580950
581874
582042
582498
583014
584880
586026
587952
588714
590184
590238
590358
590532
591348
591360
591972
592128
592554
594756
595014
595404
595674
596184
596880
597174
597636
598482
599988
600030
600780
601416
601578
602064
602604
603414
604380
604992
607416
607560
609294
609480
612270
614652
615054
615504
615780
616926
616938
619878
620130
620532
621114
623808
623868
623934
624402
624480
624972
625074
625080
625230
625434
625674
625680
627762
627930
629862
630000
631818
632562
632988
633972
635274
635310
636492
636666
638610
639246
639276
640578
640908
641124
641898
642270
643068
643326
645090
645348
645396
647178
648066
648444
649200
649272
654108
654462
655092
656454
656976
659070
659850
660510
660792
661098
662244
662298
662550
662706
663696
663900
664800
665442
665706
666630
667050
667062
667152
667260
667524
667944
669168
669756
671532
672492
673110
675150
675558
677076
677310
677352
677364
677424
677928
681318
681564
682020
682464
683178
683262
683664
683970
684468
686712
686748
687240
687576
689130
689910
689916
691254
691674
693372
693504
694290
695052
696204
696312
696864
697458
697650
699702
700002
700134
701220
701610
701874
701922
702372
704154
704460
705396
705540
705738
706830
707064
707700
708300
708654
709038
709320
710664
710970
711768
712314
712908
713346
713592
714240
714540
714864
715332
716322
717966
718194
718590
718926
719226
719268
720540
721470
722604
722628
724320
724380
725562
725982
726102
726414
726858
726882
727584
728178
729486
730506
732792
732816
733098
733158
733884
734040
734118
734142
734394
735288
737046
737100
738390
739572
742572
743658
743796
743844
744444
745872
746664
746958
747030
747870
747942
748986
749148
749424
749448
750012
750228
751506
751728
752760
753888
755736
757026
757488
759150
759258
760428
761814
762630
762702
762918
762930
765594
765768
766404
767508
769392
770286
771156
773028
775536
775674
775920
776364
776400
776460
777624
777828
779556
779562
781098
781182
781296
782832
782862
783936
784866
786378
786846
787020
787266
787650
788040
788064
788148
788700
788808
788940
789150
789408
789792
790146
790296
791220
791736
792636
792912
793050
793506
794874
795072
795612
797118
798012
799134
799164
799596
800394
800634
802404
802776
803130
803892
805974
806058
806124
807078
807180
807768
807804
807858
808272
809826
809886
810006
811608
812298
812802
814110
814560
816912
817014
817026
819084
819840
819954
820086
821088
822174
822252
822360
822678
823080
823368
823620
825264
826038
827430
828018
828090
829110
829278
829308
829440
829518
830382
831672
833628
834600
834936
834972
835596
835716
836100
836850
837474
837534
838146
839364
839766
840144
840720
840738
841122
841542
841650
842022
842514
842562
843540
844758
846294
846588
847110
847632
847776
847878
848664
848826
848988
851310
851460
851802
852138
852636
852792
852858
852960
852966
853944
854004
854394
855360
855870
856020
856056
856812
857826
858294
858840
859866
861018
861372
861396
861534
863190
863424
866076
867834
868098
868344
868368
868452
869124
869574
871044
871374
871614
872076
872658
873288
873354
873600
874548
875586
875592
876228
877248
877476
877536
877932
878916
879360
879804
880032
880752
880782
882180
882378
882522
882774
883056
883776
884094
884604
884916
885090
885138
885882
887256
888060
888630
888672
889128
890238
890802
890970
891162
892158
894558
894744
894966
896262
896316
896580
896976
897750
898062
899178
899256
900198
900468
900576
900750
901440
903378
904188
905802
905922
907566
907626
908262
908952
909234
909564
911412
911682
912006
912264
915396
916494
917286
919356
919890
920298
920934
921138
921276
922494
922794
923520
923922
924810
925314
925416
925770
926562
926736
927294
929454
929562
930894
931608
932544
932946
933282
933576
933798
934752
935340
936750
936792
938424
939672
939972
941148
941334
941940
942402
942882
943968
946410
947016
947292
947316
947418
947946
949092
949350
949614
949698
949998
951996
954756
954810
955422
956880
956970
958488
958662
958962
960990
961098
961122
961722
962418
962844
965904
965946
966384
966552
966942
967188
967614
968340
968964
969810
970266
970374
970716
970866
970962
971034
971838
972252
972450
972882
973560
974070
974622
974742
975036
975498
976236
977652
977778
978090
979230
979260
979338
979824
980028
980646
980706
981144
981414
981858
981918
982992
983640
984066
984186
984558
985200
985452
985800
987204
987576
988182
988410
988422
988704
990030
990342
991344
992418
994272
994422
994842
994932
995010
995688
996138
997302
997446
998058
999444
1000086
1000146
1001874
1002228
1002420
1002618
1002900
1003452
1004358
1004448
1004466
1004484
1006782
1007904
1009104
1009134
1009344
1009938
1009968
1010046
1012350
1014438
1014474
1014684
1014852
1015800
1016538
1017624
1017690
1017846
1017876
1018344
1018626
1019916
1020054
1020270
1020576
1020990
1022532
1023054
1023822
1025610
1026312
1028394
1029312
1030434
1030470
1030596
1031742
1031802
1032282
1032318
1032390
1032786
1033578
1034928
1035282
1036494
1036830
1037052
1037208
1037250
1037730
1039038
1039860
1040436
1040778
1041042
1041654
1042488
1044066
1044672
1044882
1046250
1047276
1047714
1048284
1048692
1048950
1049034
1049082
1049208
1049538
1050120
1050420
1050462
1050774
1052016
1052694
1052730
1052736
1053564
1054020
1054476
1055376
1056312
1056792
1056804
1057428
1058274
1058952
1059972
1060590
1060926
1061244
1061478
1061634
1061982
1062558
1062582
1063452
1063878
1064736
1065156
1065396
1066560
1067286
1068144
1068204
1068822
1069494
1070142
1071126
1071306
1071462
1071720
1071912
1072200
1072722
1072854
1074894
1075686
1075974
1076160
1076178
1077180
1079184
1079376
1079382
1080030
1080060
1080828
1082160
1082304
1082418
1083372
1084110
1084392
1084716
1084740
1084908
1085208
1085340
1085916
1086162
1086192
1086498
1086516
1088268
1088346
1089912
1090284
1091562
1091910
1092558
1092660
1093236
1093296
1093434
1094460
1094844
1094856
1095054
1095354
1096416
1097136
1097394
1097604
1098858
1099092
1099590
1099746
1100094
1100304
1101258
1102446
1102686
1102830
1103232
1103244
1104504
1104666
1105998
1106136
1106238
1106838
1107666
1108194
1109526
1110066
1111170
1111860
1111962
1112196
1112418
1113822
1114578
1114764
1114770
1116738
1117020
1117866
1118652
1119600
1119834
1119906
1120242
1120782
1120884
1120974
1121592
1122648
1122726
1122750
1122930
1123152
1123458
1123584
1124046
1124970
1127628
1128924
1129356
1129434
1129494
1130766
1130964
1131636
1131654
1131960
1132062
1132230
1132692
1132908
1133802
1134414
1135026
1135206
1135560
1135968
1136022
1136664
1137258
1137486
1137960
1138026
1138230
1138512
1139004
1139196
1139286
1139574
1140804
1140984
1141200
1142130
1143018
1143318
1143384
1143414
1144086
1144152
1145520
1145628
1146060
1146288
1146708
1146822
1146840
1147626
1149480
1150626
1152582
1153752
1154364
1154520
1154724
1154874
1154922
1154982
1155624
1155888
1157622
1157988
1158840
1159080
1159200
1159782
1160268
1160280
1160766
1160976
1161468
1161756
1161972
1162332
1162842
1163172
1164540
1164828
1164912
1165458
1165710
1165938
1167324
1167720
1167846
1168452
1168464
1168980
1169466
1170180
1172388
1172736
1173642
1174536
1174554
1174944
1175928
1176252
1176858
1177428
1177518
1177554
1177758
1177854
1178640
1179156
1179294
1179522
1179762
1179822
1180032
1180224
1180722
1180878
1180920
1180926
1181178
1181232
1181958
1182570
1184124
1184760
1185204
1185594
1185810
1186350
1186890
1188708
1189230
1189428
1189470
1189668
1189998
1191210
1191978
1193340
1194618
1194738
1194744
1195302
1195602
1195680
1196136
1197918
1199178
1199322
1200264
1203582
1203954
1204542
1204812
1205256
1207878
1208184
1208550
1208592
1208958
1209180
1209534
1212504
1214010
1214094
1214238
1214352
1215948
1216530
1218720
1220232
1220262
1221726
1222626
1222662
1222944
1223052
1223832
1224372
1224732
1225110
1225374
1225746
1225992
1226106
1226148
1226790
1227132
1227336
1228254
1229568
1230000
1231368
1232424
1232484
1232532
1233354
1233486
1233636
1235814
1236096
1236306
1236810
1237032
1238400
1239618
1240872
1241100
1241460
1241514
1241538
1242990
1243236
1243704
1245012
1246152
1246314
1246872
1247772
1247778
1247826
1248606
1249620
1249782
1250388
1251696
1251750
1251936
1252656
1254144
1254324
1254954
1255938
1256262
1257528
1257648
1259664
1259832
1260534
1261272
1261440
1261794
1262046
1262166
1262826
1262904
1263294
1263498
1263570
1263912
1264212
1264380
1264734
1264830
1265202
1265292
1265754
1266222
1267422
1267434
1268358
1268802
1269150
1269216
1269672
1271766
1272168
1273182
1273188
1273296
1274190
1274358
1275396
1275420
1275702
1276260
1276920
1277388
1277682
1277694
1278660
1278894
1279044
1279518
1279836
1281468
1282524
1283586
1284036
1285986
1286172
1287432
1287768
1288176
1288224
1288410
1288764
1288980
1289226
1289370
1290126
1291158
1291884
1293234
1294056
1294104
1294440
1294866
1295052
1295754
1295958
1296150
1296204
1297056
1297314
1297392
1298442
1300050
1300404
1300656
1301250
1301922
1302252
1302378
1302420
1303536
1303602
1303860
1304454
1304466
1305018
1305036
1305300
1305720
1306350
1307454
1307898
1307988
1308102
1308486
1309098
1309620
1309884
1309944
1310460
1310940
1311426
1311564
1311660
1313556
1315932
1318296
1318452
1318692
1318854
1318986
1319382
1321212
1321788
1322832
1323378
1324194
1324434
1325772
1326732
1327404
1328040
1328352
1328874
1328880
1329636
1329906
1330290
1330410
1331076
1331394
1331772
1332030
1332360
1332654
1332840
1334502
1334760
1334772
1334820
1335126
1335528
1336206
1336542
1336890
1338162
1338468
1340616
1341648
1342776
1342908
1342950
1343034
1344618
1345032
1345272
1346064
1346394
1346904
1348098
1348116
1348722
1348782
1350018
1350726
1353240
1353666
1354464
1355070
1355748
1357092
1357188
1357530
1357644
1357806
1358052
1358412
1359672
1359912
1359918
1360002
1360398
1360974
1361106
1361268
1361850
1364652
1365504
1365966
1366014
1366806
1367784
1367868
1368222
1368240
1368288
1369524
1370430
1371216
1371396
1371780
1373400
1373688
1373946
1374546
1374828
1375260
1375536
1375548
1377156
1377294
1378638
1379676
1379730
1379796
1381284
1383348
1384842
1385244
1385778
1385976
1386042
1386528
1388010
1389006
1389816
1389906
1390806
1391190
1391868
1392090
1393656
1393932
1395300
1395360
1395738
1395744
1396194
1397028
1397100
1397994
1398210
1398936
1400154
1400388
1401210
1401852
1402008
1402230
1402722
1403268
1403562
1404126
1404432
1407300
1407510
1407840
1408044
1408176
1408938
1409112
1409148
1409160
1410636
1410666
1411146
1412508
1413228
1415028
1415082
1415106
1415154
1415436
1416102
1417908
1418808
1419984
1420860
1422324
1422780
1423146
1423434
1423806
1424460
1424658
1424706
1425864
1426332
1426872
1428636
1429134
1429500
1430058
1430646
1430694
1432824
1433262
1433736
1433832
1433838
1434036
1434264
1434714
1435290
1435722
1435896
1436028
1437636
1438728
1438842
1439070
1439826
1439988
1440492
1441338
1442022
1442856
1443372
1443750
1443756
1444260
1444410
1444938
1445328
1446324
1447572
1447920
1447944
1449444
1450308
1450440
1450506
1450710
1451370
1452456
1452696
1453116
1453194
1453662
1454676
1455780
1456212
1457124
1458030
1460178
1461036
1461810
1461924
1461954
1462014
1462230
1462884
1464528
1464900
1465974
1466976
1467108
1467474
1467576
1467708
1467972
1468440
1468902
1470096
1470246
1470630
1470828
1471440
1471632
1472724
1473042
1475364
1475808
1477356
1477572
1478430
1478760
1479372
1479582
1480608
1480794
1481490
1482036
1482342
1482960
1483164
1484112
1484754
1485144
1486344
1486608
1487820
1488516
1489950
1490172
1490190
1491846
1493934
1494060
1494222
1495302
1495716
1496154
1496388
1498518
1498542
1499430
1499754
1499898
1499964
1500516
1500750
1501434
1501854
1502628
1503240
1504812
1505262
1505808
1506702
1506762
1506876
1507218
1507488
1508010
1508724
1508742
1509504
1509732
1509984
1510332
1510710
1510830
1510890
1511664
1512030
1512624
1512750
1514838
1514928
1515006
1515282
1515864
1516278
1516944
1517256
1517310
1517634
1518612
1519122
1519728
1520010
1520706
1520790
1521774
1522212
1523046
1523154
1523316
1523988
1524810
1524888
1525110
1526352
1527552
1527720
1528254
1528596
1529652
1530540
1532598
1532664
1533354
1533564
1533948
1535352
1535922
1536576
1537218
1537752
1537800
1538346
1538472
1540188
1540746
1540878
1542210
1544064
1544406
1544490
1544598
1544802
1545330
1545768
1546380
1548990
1549536
1549602
1550556
1551084
1551306
1551828
1552026
1554294
1555752
1556568
1557192
1561584
1561884
1564248
1564974
1565724
1566894
1567662
1567716
1567860
1568370
1568688
1569084
1569102
1569120
1569696
1569780
1570482
1570728
1571088
1571496
1572102
1572378
1572390
1572438
1573218
1573344
1575420
1575720
1576014
1576536
1576608
1577130
1578642
1579278
1579842
1580046
1581198
1581702
1583424
1584198
1584642
1584768
1587426
1587636
1588134
1588470
1588818
1589502
1590612
1592328
1592442
1592736
1593144
1596210
1596252
1596426
1596690
1597062
1597158
1597656
1598772
1599090
1599294
1599660
1600746
1602072
1602096
1602780
1603152
1603422
1603956
1604538
1604652
1605084
1605150
1605312
1606902
1607286
1608498
1609344
1609638
1610532
1610688
1612554
1613082
1613130
1613382
1614864
1614948
1616244
1616742
1617372
1618482
1618992
1620108
1620312
1620546
1620726
1620924
1621506
1622634
1622934
1623252
1623378
1623570
1624050
1624284
1626366
1627080
1627302
1627566
1627590
1628022
1628088
1628256
1628982
1629228
1629762
1630998
1631484
1631988
1632204
1632750
1633884
1634004
1636182
1636932
1637016
1637418
1637712
1638048
1639344
1641072
1641150
1641438
1643862
1644060
1644504
1645116
1645404
1646976
1647324
1649010
1649040
1649262
1649634
1650438
1650504
1651056
1651494
1651632
1651944
1652334
1652514
1652976
1653390
1655562
1655754
1655784
1655790
1655952
1656744
1656822
1657086
1657122
1657470
1657668
1657710
1658550
1658712
1658826
1659636
1659882
1660032
1660050
1660218
1660614
1661460
1662228
1662282
1662726
1664856
1665090
1665858
1666446
1667976
1668828
1671378
1672356
1672578
1672914
1673076
1673832
1674690
1676652
1676790
1677126
1681104
1681560
1683696
1683792
1683840
1683912
1684350
1685160
1685544
1686888
1687848
1688358
1688574
1689060
1689102
1690632
1692966
1693020
1693296
1693848
1695642
1695948
1697640
1698918
1699020
1699134
1699290
1700178
1701030
1702278
1702596
1703172
1703790
1704012
1704150
1705080
1707984
1708152
1709298
1711374
1711770
1712358
1712928
1713390
1714164
1714374
1714392
1714872
1715640
1715970
1717812
1719048
1719252
1719264
1719918
1720044
1720416
1722774
1723122
1724436
1724622
1725192
1725504
1726590
1726896
1729260
1730268
1731126
1732326
1732590
1733388
1733922
1735422
1736610
1736922
1737534
1738422
1738650
1738836
1740990
1742490
1743066
1743726
1744392
1744680
1744728
1744770
1745616
1747134
1748118
1748604
1749144
1749174
1749504
1749624
1750086
1750158
1750908
1751232
1751508
1752954
1753230
1753452
1753500
1754742
1755132
1756938
1757808
1758138
1759356
1759656
1760232
1760670
1760820
1761048
1761072
1763100
1763358
1763562
1764480
1765068
1766250
1766484
1766904
1767078
1767306
1767894
1767978
1768452
1768566
1770672
1770780
1771236
1771320
1771884
1772922
1774068
1775658
1776474
1776696
1776774
1777206
1777338
1778118
1778388
1779102
1779156
1779654
1780044
1782774
1782888
1783044
1784490
1785216
1785642
1786830
1787382
1787520
1787904
1789350
1789728
1790418
1791528
1791534
1792806
1792968
1793070
1793748
1793808
1793832
1794330
1794678
1794780
1795158
1795302
1797642
1797816
1797984
1798218
1798290
1799484
1799550
1799760
1800126
1800840
1801176
1802736
1802922
1803006
1803228
1803330
1805868
1806042
1806546
1807254
1807350
1808082
1808094
1808598
1808748
1809498
1810554
1811394
1811748
1812522
1812678
1813494
1814004
1814106
1814748
1815216
1816860
1817772
1818174
1818252
1818378
1818780
1819224
1821066
1821888
1822152
1822908
1824558
1825350
1826070
1826238
1826352
1826460
1826556
1826664
1827000
1827390
1827420
1829076
1829640
1829736
1830654
1831068
1831992
1832400
1832874
1833618
1833750
1834824
1835076
1836048
1836462
1838442
1838658
1838748
1838772
1839108
1839606
1841160
1841508
1841760
1842576
1844232
1845786
1845924
1846542
1847250
1847880
1848930
1849854
1850412
1851090
1851522
1851696
1852278
1852980
1853076
1854180
1854852
1855830
1856226
1856292
1856886
1856940
1857066
1857630
1857786
1858398
1859028
1859388
1859622
1859904
1859928
1860036
1861212
1861266
1861944
1862430
1863060
1863666
1863696
1863786
1864626
1864848
1865748
1865946
1866180
1866774
1866960
1868502
1868688
1869072
1869108
1869360
1869642
1871364
1871640
1872042
1872852
1873116
1873248
1874958
1875624
1876224
1876398
1877274
1877502
1879476
1879512
1880130
1880586
1881210
1882692
1883220
1883664
1883700
1884546
1885014
1885824
1885968
1886874
1887042
1887438
1887852
1889028
1889442
1890204
1890840
1891572
1892370
1893552
1894098
1894110
1894374
1895952
1896252
1896666
1897074
1897134
1897272
1897656
1898262
1898934
1898952
1899438
1899486
1900524
1902732
1903440
1903470
1903884
1904232
1904526
1905600
1906104
1906128
1906320
1906428
1907676
1907730
1907940
1908666
1910034
1910232
1911558
1912800
1912938
1913532
1914456
1914960
1917396
1917984
1918506
1918830
1919874
1920096
1920660
1923174
1923366
1923528
1924602
1925460
1925622
1926090
1926150
1926342
1927656
1927776
1927920
1928910
1929804
1930140
1930890
1931214
1932642
1932882
1934058
1934556
1935798
1936086
1937430
1937976
1938744
1938840
1939848
1940694
1941162
1941354
1941396
1943304
1943790
1944168
1945128
1946790
1947156
1947396
1947432
1948578
1949112
1949226
1949352
1949448
1949670
1949754
1949898
1950000
1951260
1951458
1952544
1953480
1953636
1954116
1956246
1956732
1956738
1957680
1958508
1958874
1959030
1960182
1960374
1962342
1962366
1962684
1964070
1964346
1965132
1966248
1966608
1966890
1967946
1969968
1970100
1970490
1971474
1973718
1974294
1975236
1975962
1976526
1977180
1977744
1978224
1978422
1978926
1979046
1980138
1981230
1981950
1982478
1983024
1983180
1984032
1984884
1986156
1986738
1987512
1987740
1988640
1988700
1988760
1988790
1989120
1989564
1991136
1991208
1991256
1992744
1992816
1992924
1993890
1993974
1994190
1994316
1995036
1995918
1996194
1996296
1996842
1997430
2000508
2001120
2001420
2001474
2001960
2002782
2003232
2004168
2005140
2005686
2006016
2007366
2007474
2007504
2007576
2007636
2007762
2007774
2008008
2008860
2008980
2009052
2010396
2010696
2011122
2011236
2011752
2011812
2011938
2012274
2013180
2014014
2014188
2014938
2016630
2017044
2017668
2018058
2018112
2019156
2019264
2019306
2019384
2020848
2021544
2022378
2023482
2024040
2024472
2025174
2025270
2025954
2026038
2027220
2027490
2029182
2029482
2029494
2029542
2029830
2029992
2030472
2031516
2032164
2032932
2033232
2033280
2033634
2034588
2035164
2035194
2038998
2039358
2039664
2040588
2040876
2042274
2043102
2043558
2043906
2044026
2044236
2044452
2044506
2044932
2045688
2045784
2046654
2046852
2047164
2047194
2047452
2048100
2048574
2050080
2050224
2051196
2051244
2051286
2051304
2051958
2052270
2052378
2052978
2052990
2053548
2054412
2055396
2055888
2055906
2056086
2057196
2057574
2057778
2058072
2059296
2060244
2061438
2061708
2062164
2063940
2064126
2064402
2066160
2066382
2066526
2066706
2067246
2068620
2068638
2069088
2069406
2069802
2069850
2070048
2070294
2070954
2070966
2071206
2072010
2072148
2073612
2075268
2075340
2075400
2076462
2077200
2077338
2077584
2077824
2078094
2078628
2080122
2080296
2080740
2080764
2081592
2081652
2084628
2084682
2084826
2085024
2085096
2085216
2086176
2086230
2086398
2087130
2087154
2087232
2087778
2088420
2088990
2089656
2089686
2089962
2090226
2090412
2091030
2091144
2091876
2092638
2093034
2093538
2093994
2094012
2094408
2094516
2094708
2095356
2096544
2097366
2098110
2098350
2100414
2100738
2102214
2103324
2103498
2104284
2105238
2105364
2105514
2105658
2106588
2106840
2107260
2107554
2107698
2108478
2110032
2110290
2110410
2110464
2110644
2111214
2111388
2111760
2112438
2112516
2112744
2113158
2113854
2114100
2114364
2114400
2116710
2116830
2118522
2118948
2120046
2121912
2123574
2124432
2124468
2125050
2125074
2125494
2125692
2126022
2126478
2130852
2131008
2132550
2132820
2133078
2133444
2133510
2134578
2134752
2135826
2136618
2137164
2139012
2140326
2140458
2141394
2141538
2142684
2144244
2144454
2145000
2145006
2145840
2146254
2146914
2147154
2147424
2148036
2148498
2149866
2151018
2151198
2152230
2152854
2153100
2153502
2154054
2154924
2154930
2155374
2155848
2157810
2158374
2158506
2158800
2159430
2159652
2162028
2162454
2163762
2164050
2165874
2165886
2166132
2167440
2167746
2168298
2169594
2170200
2171406
2171622
2172918
2172954
2173518
2176134
2176734
2177190
2178390
2178624
2178738
2178906
2179482
2179536
2179698
2179998
2180118
2180406
2181120
2181408
2181702
2181984
2182728
2183142
2183316
2184822
2186238
2186466
2186994
2187900
2188326
2189094
2189688
2190024
2190180
2190324
2191614
2191770
2191950
2193186
2193744
2194464
2195064
2195208
2195676
2196708
2196948
2197032
2197200
2197350
2197776
2197866
2198376
2198886
2199006
2199372
2201286
2201388
2201904
2202108
2202174
2202852
2203926
2204388
2204544
2204556
2204628
2204808
2205396
2206224
2206434
2206920
2206956
2210682
2210694
2210706
2210844
2211222
2211768
2211876
2212266
2212740
2212968
2213262
2213436
2213454
2213520
2213592
2213616
2214474
2214714
2214912
2215410
2215734
2216880
2217264
2218134
2218530
2219730
2219880
2220840
2221152
2221320
2221566
2222550
2223558
2223948
2224002
2225190
2225520
2226078
2226474
2226672
2226726
2226906
2227854
2228526
2228916
2229588
2230206
2230566
2230710
2231700
2232324
2233140
2233290
2233338
2234160
2237922
2238264
2238474
2238732
2239362
2240028
2240370
2240508
2240604
2241666
2242062
2242374
2242734
2243346
2243424
2244174
2244564
2244654
2245032
2245122
2246610
2247114
2248014
2249034
2249532
2250240
2250312
2250348
2250414
2251008
2251482
2251776
2251782
2253912
2254356
2255514
2255748
2260194
2263332
2263608
2265210
2266458
2266566
2266794
2267220
2267460
2267652
2268594
2268666
2268762
2269692
2272062
2274162
2274198
2274612
2274744
2275008
2275290
2276604
2277528
2278134
2278308
2279382
2279604
2280114
2282748
2283936
2284578
2286444
2286576
2286606
2286828
2287392
2287608
2287938
2288376
2288544
2289144
2289342
2292036
2292066
2292192
2292948
2293716
2294400
2294586
2295060
2296500
2297160
2298336
2298786
2298864
2299914
2300082
2300142
2301108
2301534
2301636
2302098
2302320
2302590
2302950
2303586
2304882
2305698
2305776
2305962
2306082
2306442
2307144
2307312
2307324
2308812
2308848
2309640
2310816
2311068
2311236
2312316
2315064
2315178
2316168
2316726
2316750
2317098
2318136
2318424
2318946
2320158
2320560
2320782
2320968
2322048
2322966
2323632
2324190
2325384
2325420
2325738
2326794
2326806
2326986
2327100
2327970
2328942
2329230
2329380
2329392
2330376
2330646
2330766
2331324
2332500
2332566
2332692
2334066
2334306
2334390
2335104
2335410
2335530
2335980
2337570
2338704
2338956
2339046
2339232
2339316
2339322
2339568
2340090
2340150
2340990
2341278
2341422
2341608
2342388
2342634
2343366
2343408
2343702
2343714
2343900
2344104
2344218
2344824
2347362
2348142
2348676
2348796
2349108
2350068
2350104
2350464
2351484
2351634
2352192
2353584
2354292
2354514
2356002
2356236
2356770
2357736
2358618
2358702
2359242
2359968
2360004
2360916
2361306
2361648
2362242
2363130
2364588
2365446
2365710
2366172
2366502
2367066
2367294
2367534
2367702
2368068
2368080
2368206
2368638
2368734
2369454
2369610
2369706
2370168
2370192
2370222
2370948
2371044
2371086
2371674
2374128
2374380
2374410
2374536
2375274
2375298
2375760
2377998
2378796
2378952
2379030
2379360
2380344
2380890
2381472
2383464
2384346
2385474
2385690
2387250
2387832
2388522
2388906
2389086
2389632
2389722
2390274
2391300
2391426
2392224
2395188
2395410
2395980
2396826
2396868
2397180
2397990
2398314
2398470
2399412
2400438
2401884
2402424
2402916
2404206
2408262
2409198
2410500
2410560
2411964
2412006
2414376
2414466
2415222
2415264
2415420
2415942
2416152
2416326
2416482
2417610
2419038
2419140
2419374
2419812
2420346
2420598
2420916
2422080
2422500
2422626
2423454
2425434
2425764
2425812
2425842
2426406
2426976
2427504
2428086
2428182
2428644
2429754
2430864
2432118
2432178
2432334
2432520
2432634
2432934
2433306
2433642
2434146
2434230
2434710
2435040
2435376
2436180
2436690
2437206
2438016
2438556
2438982
2439120
2439210
2439990
2440548
2441916
2442336
2442666
2442918
2443356
2443482
2443746
2443764
2444220
2446188
2446344
2449338
2449380
2450322
2451264
2451666
2452560
2452710
2452860
2453250
2455398
2456892
2457798
2458284
2458620
2458926
2459046
2460792
2462508
2462766
2462850
2463336
2464164
2464476
2464626
2464638
2465346
2465646
2466504
2466570
2467320
2467980
2469402
2470806
2470986
2471550
2472324
2473662
2473968
2474184
2474538
2474778
2474808
2474940
2475066
2475486
2478420
2479230
2479296
2479392
2479410
2480076
2480610
2480808
2481786
2482026
2482620
2483136
2483364
2483712
2483790
2484168
2484588
2487000
2487510
2487840
2489448
2489916
2490168
2490666
2490912
2491158
2491488
2491800
2491824
2492190
2492472
2493486
2494362
2495646
2496186
2499396
2499462
2500218
2500698
2500884
2501310
2501478
2502642
2502678
2503542
2504736
2505468
2508390
2508468
2509950
2511396
2512218
2512428
2512524
2512590
2512824
2512938
2512956
2513052
2513544
2513982
2514024
2514054
2514318
2514798
2515056
2515170
2515518
2516010
2516244
2516430
2516670
2517168
2517198
2517426
2518416
2518596
2520990
2521818
2522046
2522058
2522220
2522766
2523390
2524158
2524566
2524698
2525112
2525736
2526234
2526720
2528148
2528754
2529282
2529774
2530488
2532420
2532792
2532816
2533236
2533422
2534856
2537046
2537580
2538000
2538618
2538696
2539170
2539242
2539752
2540742
2541078
2542698
2542878
2542986
2543082
2544174
2544456
2546646
2546712
2547816
2549010
2550876
2551812
2551956
2552046
2552082
2552634
2553360
2553582
2553738
2554866
2555178
2560296
2560362
2561466
2562054
2562624
2562900
2563092
2563554
2564298
2564598
2565546
2566410
2567310
2568018
2569236
2569254
2569272
2570268
2570844
2570880
2573784
2573802
2574306
2574648
2574702
2575050
2576040
2576496
2577792
2579220
2579466
2580252
2580750
2581152
2583774
2583894
2583930
2584668
2585070
2585232
2585418
2585868
2586672
2586924
2586942
2587338
2587794
2587938
2587950
2588658
2589036
2589798
2590722
2591298
2591586
2592090
2593182
2593326
2594298
2594664
2595186
2595324
2595360
2598138
2598324
2598462
2598768
2599464
2600094
2600460
2600808
2601552
2602548
2602674
2602686
2602944
2603328
2603778
2604258
2604642
2604672
2605170
2607138
2607312
2609298
2609892
2609934
2610612
2610816
2611326
2611578
2612046
2613288
2614062
2614800
2616156
2617350
2617776
2618412
2618490
2618754
2618922
2618958
2620908
2621160
2621580
2621652
2621976
2622066
2623434
2623488
2624262
2624976
2625894
2626638
2627094
2629434
2629758
2630052
2630178
2630586
2630736
2631486
2631576
2632704
2632854
2633262
2634366
2634534
2635620
2635896
2636058
2636598
2637144
2638506
2638680
2641062
2642052
2642634
2642952
2643624
2644260
2644818
2646156
2647218
2647314
2647326
2647734
2648082
2648256
2648826
2649762
2650866
2651358
2651574
2651754
2652114
2653368
2653926
2654580
2655870
2656716
2657772
2658240
2658828
2658870
2658900
2658936
2659866
2660586
2660598
2660802
2661036
2661690
2662074
2664132
2664672
2666274
2667222
2667240
2667774
2668074
2668524
2669244
2671992
2672208
2673270
2673384
2674086
2675088
2676078
2676156
2676240
2676282
2676378
2676588
2677440
2678244
2678286
2678652
2678946
2679054
2679450
2680818
2680962
2680980
2681700
2681754
2682090
2682444
2682468
2685078
2685282
2685342
2685804
2687082
2688660
2688942
2689110
2689194
2689248
2690838
2690982
2691258
2691354
2692026
2693106
2693922
2694582
2694720
2694984
2695278
2696610
2697918
2698176
2698242
2698836
2698902
2699658
2699844
2699922
2702064
2702220
2705256
2706678
2707596
2707662
2707722
2709330
2709378
2709684
2709852
2710086
2710284
2711208
2711292
2711922
2712864
2714310
2715030
2717898
2717940
2718942
2719164
2720106
2720274
2720604
2720724
2721078
2721978
2722506
2723280
2724138
2724702
2725224
2725656
2726688
2726874
2727930
2728122
2729298
2729664
2732664
2732682
2733612
2733798
2734104
2734518
2734602
2734620
2735736
2735808
2736372
2736828
2737908
2737986
2738316
2738568
2738808
2741694
2743068
2743932
2744814
2745156
2745762
2745918
2746434
2746884
2746902
2747436
2748024
2748948
2749092
2749758
2750094
2750142
2750604
2751690
2752098
2752236
2752356
2753268
2753514
2753532
2754090
2754774
2754936
2755548
2757516
2757786
2759292
2759856
2760372
2761092
2761812
2762454
2763180
2763636
2764014
2764038
2765412
2765460
2766006
2766810
2766960
2767902
2768376
2769372
2769666
2771898
2772864
2772996
2773038
2773284
2773632
2773752
2773806
2775144
2775504
2777586
2777622
2779824
2780256
2780790
2782800
2783742
2784198
2784282
2784432
2784606
2785704
2786028
2786598
2786634
2787120
2787852
2788008
2788806
2789136
2789622
2789766
2789916
2790234
2790630
2790936
2791152
2791272
2791728
2792316
2792382
2793384
2794080
2794218
2794368
2796138
2797380
2797602
2797614
2798112
2798670
2799162
2799438
2799804
2800224
2800536
2801172
2803710
2803890
2803944
2804142
2804310
2806440
2806896
2808066
2808852
2809014
2809518
2809548
2812242
2813652
2813958
2814300
2814654
2817054
2817060
2817480
2817690
2818782
2818848
2818938
2819376
2822844
2823000
2823246
2823348
2824206
2824350
2825598
2825820
2825946
2825964
2826084
2826288
2826348
2826384
2828274
2828418
2828562
2828658
2830068
2830500
2831982
2832006
2833104
2833188
2833254
2833344
2834544
2834580
2834628
2835702
2836698
2836734
2837322
2837550
2840730
2842926
2843148
2843634
2843988
2844534
2846694
2847744
2848182
2848926
2850522
2853636
2853900
2853954
2854290
2854566
2854902
2855442
2855796
2855964
2856114
2856384
2856414
2857158
2857182
2857296
2857650
2858610
2858964
2859414
2859426
2859432
2861064
2861178
2861400
2861634
2861658
2862324
2862714
2862924
2863056
2863668
2864406
2864826
2864916
2865732
2867094
2868084
2868138
2868462
2869962
2870250
2870364
2871078
2871180
2871288
2871900
2872212
2872866
2873046
2873244
2873454
2873700
2874144
2875500
2876208
2876382
2876520
2877600
2880558
2880888
2881314
2882316
2882478
2883654
2883762
2885256
2886144
2886204
2886276
2886288
2886390
2886828
2887050
2888772
2889330
2890758
2891982
2892318
2892450
2892810
2893188
2893380
2893860
2893932
2894268
2894556
2894736
2895768
2896434
2897040
2897088
2897448
2897592
2898006
2899176
2899356
2899830
2900316
2900676
2900706
2900754
2901462
2901516
2902152
2902860
2903208
2903292
2904030
2904072
2904366
2905692
2905740
2905776
2905830
2906124
2906472
2906586
2906796
2906850
2907900
2908170
2908848
2909514
2910048
2910558
2912490
2913684
2913906
2914200
2914284
2914554
2916396
2916552
2916636
2917302
2917584
2918736
2918778
2919066
2919264
2919804
2920530
2921160
2921712
2921952
2922000
2923692
2923800
2924526
2925492
2925936
2927010
2927124
2928018
2928492
2929746
2930454
2931474
2935500
2935956
2936394
2936598
2936688
2937264
2938860
2941644
2942424
2943042
2944026
2944692
2944770
2945202
2945982
2946366
2948724
2948778
2949306
2949804
2951010
2952006
2953458
2954154
2954514
2955330
2955822
2956596
2956632
2956902
2957154
2957358
2958204
2958768
2958840
2963310
2963412
2967156
2967558
2968266
2969154
2969238
2969520
2969760
2970960
2971254
2971920
2972088
2972334
2972778
2973612
2973630
2973660
2975850
2976690
2977074
2977662
2979696
2981070
2981628
2982774
2982840
2983854
2983986
2984202
2985360
2986104
2986296
2987532
2988420
2989632
2990628
2991630
2991798
2991828
2991834
2991840
2991972
2992662
2993112
2993604
2994666
2994912
2995944
2996082
2997198
2997882
2998218
2998230
3001470
3001584
3001596
3003894
3003912
3004008
3004356
3006984
3007224
3008034
3008514
3008712
3008814
3008856
3008928
3008994
3010158
3010614
3010740
3011268
3012114
3012138
3012432
3012504
3012642
3012792
3013248
3014238
3014598
3014700
3014766
3016080
3016254
3017538
3018540
3020634
3021306
3021372
3023526
3024714
3025266
3025500
3028830
3028884
3029166
3029532
3029922
3030762
3033066
3033756
3034014
3034440
3035142
3035730
3036936
3037098
3037314
3038346
3038832
3041652
3042666
3042828
3044430
3045306
3046428
3046488
3046494
3046542
3046590
3047148
3047538
3047928
3048198
3049524
3049872
3051810
3052062
3054006
3055194
3055596
3055926
3056484
3057072
3057672
3057804
3058758
3060108
3060144
3060792
3061626
3062436
3064662
3064668
3066432
3066606
3068256
3069324
3069522
3069792
3070266
3070902
3071598
3071670
3072828
3074178
3074334
3074772
3075588
3076008
3076512
3076944
3077976
3078138
3079524
3080136
3080778
3080898
3081294
3081444
3082464
3083730
3084582
3084894
3084900
3087990
3088098
3088182
3088290
3088416
3089736
3090024
3091452
3091758
3092058
3094356
3094614
3095640
3096492
3096984
3097266
3098148
3098484
3099138
3101298
3101520
3101712
3101832
3101982
3101994
3102036
3102564
3102600
3102774
3103494
3104796
3105474
3106044
3106230
3106824
3107088
3107880
3108060
3109146
3109182
3109224
3110424
3110478
3110838
3111198
3111384
3111738
3112068
3112284
3112416
3113232
3113298
3113934
3115536
3115548
3116208
3119022
3119688
3120966
3121176
3121422
3123492
3123576
3123624
3123762
3125244
3125952
3126972
3129120
3129456
3130302
3130374
3130626
3131256
3131736
3132318
3132696
3133974
3135270
3135594
3137166
3137478
3137976
3138264
3138282
3139638
3140544
3141720
3142206
3142236
3142284
3142302
3143268
3143454
3143670
3144546
3146598
3148050
3148560
3149946
3150126
3150732
3150792
3151410
3152604
3152706
3152712
3154152
3154626
3154722
3154926
3156096
3156678
3159084
3159510
3159864
3159978
3160200
3160626
3160662
3160836
3162006
3162042
3162054
3162144
3163338
3166152
3166644
3167016
3167688
3169344
3169716
3170952
3170970
3171978
3172356
3173934
3173940
3174450
3175242
3175614
3175638
3178242
3178530
3178962
3181560
3181956
3182328
3182772
3182814
3183408
3183600
3183828
3183858
3184170
3184656
3184734
3185556
3185652
3187890
3189024
3189066
3192048
3192162
3192504
3192750
3193098
3193716
3193776
3194034
3195408
3196200
3196992
3197376
3197964
3198414
3198768
3198906
3199224
3199536
3199560
3200664
3201612
3204060
3205440
3205476
3206520
3207228
3207504
3207966
3209910
3210264
3210708
3213504
3213546
3213564
3214386
3214482
3214608
3214656
3215412
3216390
3217608
3217716
3217968
3218376
3218988
3219054
3220494
3221580
3221646
3222510
3223872
3224646
3224700
3224856
3224910
3225102
3225234
3225426
3225564
3225576
3225990
3226470
3226764
3227466
3227586
3228894
3229566
3229782
3231786
3232830
3233490
3233604
3233610
3234030
3234402
3234690
3234708
3235092
3235188
3235308
3235368
3236034
3237960
3239226
3241692
3241956
3243180
3243486
3244734
3245184
3246156
3246702
3246852
3247686
3247992
3248400
3249582
3249660
3250500
3250932
3251298
3251364
3252048
3252336
3253314
3253362
3253584
3254370
3254406
3255138
3255918
3257442
3257796
3257814
3259404
3259842
3260286
3260394
3261180
3263604
3264462
3264510
3265104
3265962
3266190
3266280
3266742
3267384
3267498
3267654
3267720
3268788
3268794
3269688
3270372
3270924
3271566
3271698
3271794
3273012
3273360
3274116
3274932
3275160
3275298
3275970
3278634
3279102
3279612
3280104
3281166
3281592
3281832
3282024
3282438
3283392
3284232
3290064
3290508
3290748
3291132
3291360
3293616
3293844
3294708
3295620
3295644
3297312
3297684
3298572
3298674
3298956
3299160
3300504
3301350
3301638
3302100
3302106
3302778
3303012
3303444
3303510
3304710
3305586
3305694
3306144
3306210
3306240
3307614
3308508
3310134
3310368
3312246
3312372
3312942
3314220
3314346
3315204
3315312
3315822
3317436
3317880
3317940
3318288
3318744
3320034
3320772
3320778
3321678
3323274
3323448
3323808
3324774
3325380
3325734
3326838
3326946
3328092
3329322
3329394
3330210
3330864
3331488
3331914
3332610
3334566
3335388
3336258
3336300
3336960
3337080
3337290
3339690
3340452
3340656
3340986
3342960
3343074
3343326
3343440
3344652
3345462
3345534
3345576
3345870
3346842
3348306
3348954
3349020
3349488
3350310
3350472
3351348
3352290
3352320
3352338
3353094
3353634
3353664
3354984
3355284
3356664
3357732
3358446
3358698
3358812
3359022
3359268
3359346
3359490
3360906
3361686
3361980
3362856
3362862
3363168
3364050
3364086
3364242
3364740
3365022
3365430
3365694
3366144
3366438
3367638
3369192
3369948
3370536
3371112
3371202
3371490
3371502
3371790
3372180
3372480
3372942
3373830
3374682
3374898
3375204
3376848
3377856
3378000
3378168
3378384
3379320
3379326
3379746
3380250
3380340
3380940
3381324
3382236
3382602
3383268
3384696
3385668
3387114
3387798
3388890
3390234
3390240
3390450
3390498
3391044
3391446
3392154
3392202
3392292
3392316
3392412
3393192
3394344
3394566
3394962
3395382
3397008
3397050
3397380
3398106
3398526
3398604
3398634
3398706
3399000
3399012
3399744
3401400
3401880
3402018
3402120
3402474
3403266
3403548
3403986
3404172
3404988
3405090
3405720
3405810
3406626
3407508
3408732
3409980
3412800
3415032
3415110
3415710
3416502
3417000
3417060
3418110
3418320
3419982
3420402
3421806
3422856
3423186
3423414
3424680
3424776
3424902
3425844
3425850
3430350
3430380
3431604
3431772
3433362
3434160
3434736
3435468
3435864
3436722
3437070
3439548
3439812
3440160
3440490
3441264
3443208
3443430
3443904
3444288
3444930
3445140
3446574
3446862
3447018
3447162
3447300
3447522
3447738
3447852
3449934
3450954
3451326
3451386
3452628
3452916
3453024
3453720
3454122
3454542
3454836
3455310
3455802
3455994
3456762
3457002
3458484
3458568
3458940
3459042
3459318
3459594
3460014
3460056
3460470
3461040
3462090
3463170
3463722
3464334
3464550
3465264
3465414
3466050
3466920
3467310
3468408
3468486
3468564
3468636
3468678
3469716
3469782
3469830
3470424
3470466
3471558
3472140
3472500
3472530
3473412
3473700
3475194
3476214
3476334
3477144
3478356
3479394
3480126
3480270
3482190
3482808
3484440
3486114
3486222
3486930
3487008
3488100
3488190
3488352
3489162
3490446
3491832
3492528
3493608
3494298
3494430
3495102
3495144
3495696
3496302
3498810
3499512
3500028
3502080
3502308
3502506
3503232
3504120
3505824
3506466
3506550
3506898
3507036
3508374
3509082
3511140
3511638
3512760
3513072
3513540
3514884
3515196
3515274
3516222
3516858
3517452
3518898
3519132
3520320
3520614
3521040
3521622
3522060
3522222
3523080
3524094
3524262
3524712
3524784
3524994
3525516
3525882
3525930
3526458
3528330
3528690
3529590
3529698
3529884
3529968
3530370
3530580
3530862
3532104
3532170
3532824
3536364
3536502
3536874
3537336
3537816
3537960
3538446
3539568
3539832
3540066
3540564
3540858
3542604
3542994
3543228
3543420
3543762
3545334
3545724
3547956
3548532
3549198
3549246
3549456
3549594
3549990
3550338
3550386
3551796
3553092
3553290
3553368
3553740
3553776
3554484
3554490
3554700
3555924
3555978
3556938
3557376
3557754
3558174
3558312
3558462
3558546
3559050
3559830
3560238
3560808
3561972
3562098
3562158
3562476
3563892
3564018
3564162
3565002
3565452
3565458
3565872
3566364
3568416
3570732
3572076
3572496
3573036
3573600
3575670
3575748
3576294
3576462
3576480
3577680
3578028
3578478
3579000
3583194
3583770
3584586
3584784
3586122
3586920
3587580
3588486
3589740
3591444
3592662
3594366
3594726
3595110
3595470
3595560
3595866
3596262
3598476
3598686
3598872
3599046
3600198
3600240
3600378
3600996
3601044
3601644
3603420
3603738
3607170
3607260
3607740
3608406
3608784
3609972
3610824
3610974
3611412
3612258
3612462
3613518
3615240
3615354
3616506
3617178
3617718
3618672
3619170
3619254
3619464
3621222
3622578
3622650
3622668
3624480
3624900
3625584
3625686
3625710
3625914
3625980
3626436
3626832
3627480
3627552
3627912
3628182
3628818
3629736
3629838
3629922
3630030
3630738
3630828
3631518
3631842
3632136
3632538
3633072
3633390
3633798
3634254
3634686
3635268
3635316
3635394
3635586
3635970
3636552
3636738
3636954
3637356
3637716
3637854
3638934
3639066
3639240
3639636
3640728
3641052
3641130
3642912
3643590
3643698
3644916
3645744
3645900
3648534
3649356
3650004
3650184
3650802
3650868
3653334
3653976
3654726
3655464
3656196
3656904
3657408
3657576
3657864
3658284
3658674
3660342
3660354
3660504
3661188
3663714
3664458
3665508
3666402
3666672
3667278
3667500
3669054
3669276
3669552
3669558
3669900
3670092
3671478
3671808
3672174
3672294
3672804
3673692
3675186
3675282
3675384
3676302
3676326
3676416
3676962
3677322
3677664
3679176
3679356
3679584
3679818
3680814
3681120
3681132
3681822
3682386
3683202
3684936
3686184
3687672
3687732
3687858
3688392
3689292
3689622
3690360
3691062
3691128
3691506
3692646
3693438
3693462
3694194
3694338
3695094
3696870
3699438
3701274
3701370
3701742
3702528
3702972
3703368
3704022
3705198
3705606
3706098
3706350
3706584
3706902
3709068
3709086
3709704
3709860
3709902
3710598
3711246
3711786
3712248
3714162
3714666
3715482
3716448
3716460
3717732
3717834
3721242
3721524
3722664
3723258
3724182
3724782
3725922
3727050
3727320
3729006
3729882
3731754
3731808
3732114
3732426
3732864
3733446
3734502
3735072
3736518
3736608
3737418
3738372
3738648
3738732
3739848
3740172
3741378
3742470
3742650
3742872
3743376
3743730
3744588
3744954
3745458
3745512
3745536
3747546
3747834
3747990
3750450
3750672
3750708
3750990
3751710
3751716
3753042
3754092
3754446
3754482
3755970
3756246
3756912
3756966
3757050
3757866
3758580
3758592
3759450
3759480
3759516
3760326
3761142
3761304
3761934
3762474
3762690
3762810
3763662
3764046
3764196
3764226
3764316
3765024
3766656
3768606
3769848
3770508
3770994
3771318
3771900
3772452
3772740
3774066
3774822
3774912
3775908
3776034
3776208
3777102
3777432
3777930
3778524
3778908
3778950
3779184
3780192
3780996
3781032
3782682
3782970
3784116
3784422
3784434
3784686
3787740
3788778
3789654
3790128
3790362
3790440
3790506
3790974
3791328
3792252
3794370
3795258
3795414
3795522
3795930
3796242
3797178
3797268
3797694
3799488
3800154
3800280
3800694
3800964
3801654
3802962
3803682
3804084
3804486
3805632
3805794
3806940
3807084
3807672
3808884
3808992
3809472
3809802
3811284
3811728
3812028
3812082
3812100
3813252
3813408
3813498
3814410
3814776
3815052
3815634
3815862
3817314
3817578
3817824
3818748
3818778
3819588
3820578
3821262
3821292
3821880
3822486
3823116
3824124
3824364
3824706
3825300
3825870
3825972
3827472
3827610
3828762
3829098
3830538
3830958
3831522
3831684
3833616
3834576
3835596
3835656
3836064
3836232
3837600
3838848
3839208
3840054
3840156
3840330
3840402
3841476
3842166
3842874
3843816
3844302
3845634
3846348
3846426
3846552
3847860
3848028
3848844
3849816
3850710
3851490
3851502
3851586
3851832
3852180
3852384
3852690
3852918
3853302
3853584
3853872
3854100
3854166
3854754
3854976
3855942
3856086
3856422
3856650
3857274
3859962
3860166
3860388
3860988
3861282
3862614
3863346
3863664
3864270
3864756
3864804
3865026
3865656
3865662
3866040
3866676
3866694
3867954
3868194
3868626
3869244
3869466
3870750
3870762
3871590
3872262
3872562
3873492
3874650
3875076
3876036
3876444
3877866
3878064
3879108
3879576
3882204
3882342
3882822
3883704
3885912
3887262
3887628
3888054
3888144
3888216
3888366
3888432
3888948
3889392
3890142
3890376
3892026
3892182
3893928
3894186
3894198
3894288
3894450
3894804
3894864
3896646
3896952
3897750
3898068
3898734
3900162
3900288
3902094
3902610
3904350
3905070
3905280
3905322
3905502
3905676
3905736
3906234
3907110
3907698
3907770
3907782
3908136
3909198
3909612
3909660
3909750
3909906
3910464
3910968
3910992
3911298
3911328
3911676
3913362
3913650
3915114
3915306
3915918
3917358
3917838
3918102
3919296
3919530
3920322
3921828
3922842
3923934
3926364
3926376
3927270
3929964
3931080
3931428
3931728
3932856
3933072
3933162
3933726
3934446
3934740
3935478
3935844
3936042
3936732
3936750
3936828
3937026
3937572
3938502
3938970
3939252
3939546
3939618
3940326
3940632
3940776
3942558
3943218
3943590
3944130
3944430
3944448
3944748
3945570
3945762
3946386
3947034
3947112
3947742
3948168
3948462
3948756
3948918
3949224
3950166
3951594
3952632
3952806
3953472
3953562
3954168
3954510
3954588
3955158
3956916
3957006
3957774
3958692
3959400
3959502
3959508
3959832
3961806
3962238
3962574
3962754
3962814
3962916
3963078
3963174
3963468
3963948
3964458
3964596
3964794
3966738
3966840
3968070
3969174
3969258
3970026
3970968
3971268
3971406
3972810
3972912
3973248
3973296
3973380
3974262
3974598
3975258
3975900
3976392
3976842
3977166
3977178
3977244
3978390
3979560
3980070
3981084
3981486
3982464
3982506
3982578
3982614
3982794
3982980
3983766
3985890
3985932
3986676
3986838
3986910
3987078
3988170
3989202
3989436
3989556
3989880
3990180
3990660
3991416
3992130
3992802
3992850
3993804
3994344
3994422
3994770
3994872
3995430
3995556
3995934
3996180
3996834
3996846
3997086
3997584
3998568
3999072
3999144
3999306
4000542
4001562
4002072
4002300
4003506
4003866
4005444
4006260
4006662
4006944
4007118
4009794
4010184
4010286
4012008
4012908
4013238
4013508
4013808
4014336
4014840
4015182
4015446
4015662
4015854
4017276
4017474
4017624
4018230
4018980
4019358
4019760
4020318
4021230
4021332
4021776
4022082
4023102
4023594
4024182
4025268
4025634
4025646
4026642
4027050
4027092
4027296
4028268
4028292
4028706
4029180
4031820
4031856
4032870
4033362
4035090
4036842
4037874
4039212
4039470
4039542
4039770
4039962
4041240
4042062
4042410
4043610
4043718
4045188
4046784
4047840
4048218
4049346
4049394
4049400
4049736
4050954
4051224
4051596
4051620
4051920
4054140
4054548
4054992
4055694
4056102
4056198
4056594
4056756
4056966
4059060
4060338
4060986
4061298
4061694
4063302
4064634
4064670
4065696
4065732
4065804
4065936
4066026
4066668
4067844
4068066
4068078
4068870
4069014
4069068
4069524
4069776
4070544
4071570
4071732
4072188
4072404
4073094
4073106
4073430
4073610
4074012
4074366
4075176
4076160
4077864
4078356
4078368
4078626
4081878
4082382
4082436
4082616
4083738
4084758
4086330
4087062
4087710
4088292
4088688
4090098
4091220
4091742
4092390
4092510
4092900
4094292
4094478
4095036
4095222
4095486
4096170
4096518
4096938
4096956
4096998
4097646
4098930
4099038
4099356
4099554
4099782
4100076
4100784
4101228
4101366
4101432
4101864
4102308
4102422
4102620
4104942
4105860
4105950
4106478
4107540
4107732
4109460
4109496
4111572
4113282
4114728
4115382
4115400
4115880
4116234
4116366
4117476
4118196
4118370
4119048
4119162
4120056
4122276
4122918
4123128
4123596
4124136
4124880
4125234
4125600
4125612
4126962
4127154
4127850
4128048
4128456
4128678
4129548
4130256
4131630
4131762
4132410
4132644
4133070
4133142
4134060
4134852
4135224
4135464
4136610
4136952
4136964
4138056
4138440
4139220
4139646
4139892
4140438
4140798
4140834
4141182
4141296
4141746
4141884
4142790
4143474
4144656
4145394
4147158
4147440
4148388
4148586
4148886
4149264
4149606
4150248
4151520
4151700
4152882
4153836
4154496
4154988
4155612
4157178
4160124
4160376
4160568
4160634
4161276
4161690
4162224
4162230
4162428
4163490
4164408
4165200
4165518
4165578
4165764
4167378
4169400
4170738
4172304
4172568
4176048
4176696
4176750
4176924
4178388
4178598
4178664
4179366
4179582
4180566
4180794
4181772
4182330
4182894
4182918
4183212
4183398
4183410
4183644
4184028
4184190
4184214
4184358
4184586
4184694
4185810
4188396
4188606
4189032
4189668
4189722
4189950
4190958
4191858
4192188
4193316
4193328
4194228
4195692
4196034
4196706
4197738
4198752
4199010
4199736
4200498
4201404
4202748
4203222
4203294
4204806
4204890
4205328
4207266
4207656
4208202
4208688
4208802
4209246
4209516
4209930
4210938
4212240
4212444
4213524
4213614
4213974
4214820
4215102
4215504
4216602
4216710
4216884
4217292
4218024
4219980
4220166
4221042
4221312
4221378
4221450
4221840
4222182
4222470
4223388
4223940
4224318
4224414
4225140
4225362
4226046
4226526
4226562
4228266
4228398
4228944
4229424
4229706
4230246
4230294
4230762
4231122
4231458
4231620
4233072
4234080
4234200
4234980
4235022
4235490
4238202
4238748
4239690
4240632
4241442
4242306
4242924
4243956
4244352
4244376
4245402
4245888
4245912
4245918
4246032
4246380
4246944
4247658
4247868
4248276
4249584
4249782
4251330
4251900
4251906
4254642
4255494
4256262
4256658
4256910
4258044
4259316
4259730
4260156
4260348
4261632
4262100
4262874
4263678
4263990
4265022
4265718
4265742
4265760
4266066
4266078
4267266
4267494
4267866
4270320
4270470
4270776
4270794
4271118
4271394
4272192
4272444
4272912
4273608
4273668
4274316
4274334
4275264
4276176
4276596
4278078
4278504
4279014
4279128
4280538
4280574
4280700
4280772
4280910
4281042
4282086
4282572
4282992
4284426
4284522
4284594
4285386
4285644
4286118
4286184
4286976
4287444
4287852
4288698
4290948
4291140
4291254
4291968
4292400
4292664
4292676
4293666
4293816
4294230
4294596
4295118
4295958
4296102
4297374
4298370
4300158
4301286
4301352
4301544
4302882
4303248
4303710
4303752
4304346
4304388
4304454
4307082
4307262
4307670
4307700
4308252
4308528
4308624
4309254
4310148
4310544
4310610
4310616
4311744
4312416
4313076
4316184
4316508
4317144
4317606
4318968
4319508
4319808
4320144
4320600
4322772
4323450
4323480
4323540
4323696
4323816
4323852
4324974
4325730
4326630
4329126
4329198
4329834
4329906
4330632
4330764
4330902
4332102
4332270
4332432
4332744
4334166
4335450
4336746
4337706
4340628
4340856
4340952
4341024
4341084
4341138
4341876
4342068
4342530
4344288
4344714
4345452
4346070
4346268
4346448
4346538
4346862
4346916
4347660
4347996
4348764
4349118
4349586
4350636
4353924
4354794
4355022
4355562
4355748
4356276
4356300
4357836
4357848
4358706
4359204
4359228
4359450
4359762
4360506
4361352
4362858
4363584
4364526
4365384
4365636
4365894
4366848
4366920
4367310
4367838
4367916
4368012
4368132
4368270
4368324
4368762
4368966
4369098
4369914
4370286
4370376
4370514
4370598
4371168
4371600
4372644
4373268
4373484
4373688
4374408
4374792
4375296
4375770
4376226
4376934
4377774
4378488
4379016
4380546
4381722
4381974
4382148
4382694
4382730
4383552
4383924
4384608
4385256
4385808
4386174
4386564
4386780
4389000
4391514
4392546
4393110
4393284
4394610
4394634
4394742
4395030
4395498
4395630
4397448
4397904
4398714
4401834
4401990
4402344
4402614
4402968
4403016
4403772
4404360
4406880
4406976
4407546
4407690
4408584
4409628
4409754
4409796
4410006
4410336
4411350
4411764
4413870
4414920
4415496
4416342
4416684
4417242
4417440
4418478
4418802
4418940
4421310
4422048
4422624
4423242
4423506
4423566
4423674
4424370
4424430
4425600
4425708
4426740
4427064
4427250
4427820
4427862
4429374
4431102
4432362
4432464
4433388
4435062
4435500
4435884
4436226
4437102
4437276
4437594
4438482
4440258
4441986
4441998
4443690
4444902
4444944
4446780
4447002
4447152
4448550
4448820
4448826
4449096
4449522
4450386
4452120
4452696
4453320
4453752
4454094
4454322
4454526
4455090
4455846
4456512
4456578
4456860
4458096
4459296
4459710
4460250
4460664
4461300
4461564
4461606
4463166
4465362
4465440
4467198
4467228
4467726
4468092
4468980
4469850
4470324
4470504
4470564
4470696
4471080
4474596
4475718
4476402
4476462
4477164
4478574
4478634
4478970
4479600
4479684
4479816
4480068
4480590
4481262
4481814
4482498
4482780
4483338
4484754
4484898
4484910
4485492
4486410
4486914
4489278
4490838
4490856
4491018
4491096
4491354
4491414
4491996
4492170
4492332
4492392
4492566
4493370
4493850
4493922
4494000
4494078
4494252
4494570
4496118
4496406
4497474
4498218
4498338
4499382
4500246
4500696
4501536
4502034
4503882
4504950
4506804
4507008
4507092
4507962
4508286
4508514
4508742
4508808
4508844
4510908
4512306
4513788
4513908
4515114
4515462
4515558
4515792
4515900
4517466
4518156
4518408
4519788
4521066
4521876
4521954
4522542
4522866
4522884
4525584
4525752
4526520
4527000
4528164
4529772
4529988
4532088
4532544
4532754
4533858
4533966
4534626
4536690
4537008
4537074
4538886
4539138
4539288
4540962
4541418
4541784
4542354
4543206
4543440
4543890
4544100
4544202
4544292
4545426
4545816
4545906
4546224
4546338
4546500
4546698
4546866
4547088
4547124
4548234
4548678
4549038
4549368
4549572
4549794
4549974
4550328
4552704
4554978
4555092
4556034
4557138
4557354
4557618
4557984
4558128
4558704
4558710
4558974
4559784
4560930
4562928
4563660
4564302
4565028
4567218
4567776
4568010
4568214
4568424
4569690
4569912
4570608
4571346
4571640
4572150
4575450
4576704
4576788
4577256
4577856
4578378
4578426
4579284
4579404
4580748
4580862
4581522
4582308
4582746
4583640
4584528
4585158
4585692
4586310
4586874
4587456
4589058
4589640
4589700
4589952
4591212
4591548
4592316
4592640
4592958
4593180
4593534
4594398
4595046
4595076
4595148
4596420
4597020
4597836
4598628
4598724
4599384
4600218
4601004
4601022
4601238
4601688
4602216
4602228
4602522
4603050
4604592
4605900
4607820
4608408
4608618
4609002
4609818
4610088
4610106
4610208
4610454
4610472
4610928
4611306
4611924
4612044
4612098
4612236
4612470
4612806
4612938
4613442
4613454
4614006
4614270
4614354
4614588
4615512
4615860
4615938
4616244
4616880
4617552
4617606
4618452
4618644
4618716
4619532
4619820
4620222
4620420
4621662
4621890
4622196
4622298
4622526
4623756
4625466
4626162
4627926
4628088
4628256
4629936
4630824
4631226
4631412
4634904
4635804
4636014
4636098
4636164
4636956
4637070
4637520
4637904
4638678
4639218
4639236
4639596
4640232
4640772
4640862
4644054
4646028
4646142
4646298
4646874
4647852
4649358
4650018
4650492
4651176
4652358
4652556
4652604
4652616
4652838
4652970
4653834
4654224
4654284
4654326
4657206
4658190
4658496
4659330
4659438
4659528
4660134
4661130
4661514
4662816
4662972
4663848
4663908
4664412
4664616
4664664
4664952
4665444
4666062
4666314
4667430
4668402
4669602
4671954
4672296
4672482
4672632
4672812
4672902
4673136
4673538
4674240
4674342
4674588
4678236
4678326
4678350
4678620
4679748
4680168
4680612
4680894
4681212
4681662
4682502
4682820
4686048
4686936
4687878
4688400
4689102
4689516
4690422
4691268
4692378
4693356
4693770
4693782
4695054
4695258
4695984
4696698
4697544
4697874
4698468
4699566
4699596
4699674
4700484
4700796
4701162
4701966
4702500
4703862
4705278
4707036
4707534
4708008
4708158
4709640
4710318
4710810
4711098
4711806
4711860
4712118
4713324
4715526
4715712
4717872
4719270
4721256
4721772
4721784
4722714
4723668
4726440
4727874
4729644
4730286
4731114
4734918
4734972
4735518
4736040
4737558
4738152
4738908
4741074
4742298
4743702
4744026
4744200
4744374
4744398
4744938
4745946
4746522
4746978
4747506
4749690
4751526
4751988
4752150
4752708
4753158
4753344
4753650
4753692
4754364
4755198
4755636
4755828
4755996
4756788
4758096
4758744
4758858
4759278
4759428
4760148
4760208
4761078
4761348
4761522
4763298
4763910
4764150
4764318
4764780
4767576
4769178
4769562
4770684
4771170
4772088
4772298
4772634
4773660
4773672
4775040
4775058
4776150
4777266
4777932
4778844
4779738
4779810
4779852
4782288
4783566
4785468
4787214
4788312
4788714
4789602
4789776
4791006
4791570
4793364
4794750
4794786
4794816
4796364
4796916
4797258
4797720
4797726
4798956
4799154
4800294
4800336
4800618
4804434
4805010
4805718
4806012
4806642
4807470
4807602
4808256
4808346
4808424
4808508
4809480
4809528
4809906
4810632
4811406
4812066
4812840
4813572
4814094
4814250
4814262
4815210
4815846
4816740
4816956
4817028
4817856
4819902
4820190
4820616
4821000
4821498
4821792
4823184
4823256
4823364
4823616
4823718
4824402
4824594
4824942
4825170
4825782
4825818
4828248
4828338
4828698
4828722
4828962
4829628
4829808
4829922
4830156
4831008
4831440
4831446
4831818
4833408
4833480
4834368
4835790
4836558
4837014
4837464
4837836
4838766
4838976
4839294
4839402
4839732
4840824
4840854
4840926
4842144
4842456
4843824
4843890
4844010
4844184
4844346
4844952
4845672
4846740
4848198
4848972
4849254
4849692
4850364
4850418
4851564
4853304
4853322
4853700
4853832
4854138
4854270
4854672
4855248
4855872
4856436
4857468
4857606
4858458
4858578
4859016
4859124
4860234
4860756
4861938
4862064
4862118
4862514
4862982
4864170
4865016
4865400
4865418
4866132
4866282
4866618
4867272
4868004
4869312
4869810
4869840
4870536
4870680
4871568
4872486
4872966
4875300
4876410
4877016
4877544
4877994
4878012
4878048
4878654
4878708
4878912
4879104
4879218
4879344
4879542
4879632
4879740
4880232
4880766
4881204
4881324
4882704
4883082
4883292
4884594
4884876
4884936
4885890
4885980
4886772
4887180
4888134
4889004
4890282
4892412
4893582
4893720
4894086
4894212
4896120
4896492
4896636
4896678
4897320
4897632
4898034
4899066
4900602
4901196
4901358
4901502
4902108
4903044
4903296
4903584
4905300
4906320
4907298
4907874
4908558
4909398
4910094
4910772
4911102
4911336
4911900
4912980
4913784
4913868
4914636
4915056
4915434
4915458
4915950
4918626
4919250
4920600
4920774
4922256
4923750
4924560
4924686
4925040
4926018
4927392
4927890
4928304
4928964
4929738
4929828
4929840
4930062
4930224
4930452
4931154
4931658
4933140
4933572
4934490
4934892
4934952
4936104
4936110
4936614
4937274
4938138
4938822
4939524
4940316
4940346
4942392
4943418
4944030
4944240
4944456
4945002
4945110
4945230
4945296
4946526
4947180
4948770
4949298
4950180
4951026
4951644
4951896
4951962
4952652
4952820
4955058
4956342
4958172
4958250
4959096
4959546
4959606
4959630
4960032
4960254
4960476
4961130
4961424
4961484
4962510
4962564
4963230
4963290
4964046
4965186
4965510
4965672
4966098
4966536
4966578
4967484
4967790
4967928
4968792
4970688
4972098
4972650
4972818
4975986
4976124
4976196
4977420
4977852
4978212
4978662
4979802
4980504
4981116
4981476
4981734
4981938
4982736
4983120
4983894
4984164
4984476
4984656
4984680
4985310
4986024
4986480
4986732
4986762
4987134
4987296
4988052
4988394
4988562
4989174
4989222
4990824
4990860
4990938
4991352
4992858
4993680
4993908
4993926
4994778
4995306
4996584
4997424
4997520
4997688
4997928
4998012
4998642
4998822
4999152
4999218
4999794
4999854
4999962
5000598
5001294
5002122
5002446
5003616
5003670
5003706
5004054
5004204
5004348
5004438
5005002
5005212
5005464
5006022
5006418
5006928
5007132
5007858
5009340
5009400
5009460
5010648
5010858
5011032
5011308
5011824
5012172
5012898
5014986
5015478
5015778
5016204
5017218
5017626
5019498
5020194
5021226
5021430
5021718
5022126
5022294
5023086
5023728
5024988
5026752
5028720
5029104
5029398
5029842
5031528
5032050
5032344
5032584
5033568
5034240
5034618
5035818
5036280
5036418
5037192
5037846
5038002
5038620
5038692
5040426
5040714
5040942
5041056
5042628
5043738
5043798
5044212
5044284
5044338
5044818
5045016
5045496
5046288
5046894
5047008
5047710
5048664
5049252
5049360
5049558
5050314
5051130
5051838
5052564
5052810
5055654
5056512
5056908
5057100
5057964
5059698
5059812
5059848
5060340
5060400
5060484
5060898
5060916
5061060
5061162
5062032
5062230
5062740
5062830
5062854
5062902
5062968
5063514
5063544
5063622
5063964
5064006
5064198
5064564
5065620
5066994
5067126
5067168
5067438
5067918
5069220
5069886
5070912
5071236
5072256
5072424
5073594
5074680
5074710
5074992
5077002
5077494
5077980
5078574
5079234
5079558
5079666
5080242
5080854
5081580
5082072
5082480
5083128
5083614
5084670
5085504
5087388
5087802
5088600
5088648
5089674
5090592
5090808
5091108
5091828
5092326
5093370
5093586
5093772
5094810
5095476
5095758
5096208
5096484
5097030
5097522
5098050
5098158
5099520
5099928
5100084
5101140
5102136
5102142
5102376
5103102
5103588
5103990
5104818
5106438
5107074
5107350
5107848
5108994
5109462
5110518
5110602
5112378
5112636
5113974
5114340
5114856
5116674
5117616
5118198
5118624
5119050
5119776
5120760
5121936
5122860
5124144
5124222
5124276
5125428
5126874
5127366
5127438
5129292
5129478
5130222
5130384
5131080
5131890
5132880
5133780
5134086
5134494
5137140
5137356
5138724
5139366
5139474
5140152
5142156
5142288
5142294
5142582
5143554
5144652
5144754
5146116
5147004
5148936
5149218
5149758
5150004
5150880
5151138
5151516
5152404
5154030
5154870
5155386
5156106
5156748
5157210
5157546
5157834
5158020
5160318
5160354
5160882
5160888
5161170
5161788
5162196
5162280
5162496
5162970
5163204
5163798
5164962
5165838
5168706
5169246
5169690
5170332
5172306
5172924
5174016
5174622
5174838
5174892
5175132
5175210
5175438
5175858
5179248
5179464
5180454
5180580
5180592
5181048
5181612
5182392
5182446
5182842
5183082
5183106
5184090
5184246
5184540
5184888
5185242
5185290
5185446
5186166
5187576
5187696
5187966
5188428
5188752
5189256
5189304
5189418
5190192
5190768
5191920
5192172
5193096
5193192
5193540
5194356
5195040
5195988
5196558
5196810
5196840
5196972
5197272
5197500
5197758
5198484
5199168
5199732
5200860
5200878
5201166
5201910
5203482
5204484
5204604
5204712
5204916
5204958
5205636
5206308
5206374
5206476
5206974
5207790
5208186
5209542
5209710
5211450
5213418
5213988
5214480
5215200
5217120
5217162
5217306
5217768
5219328
5220228
5220714
5220774
5221128
5221452
5221620
5222334
5223228
5223282
5223342
5224068
5224800
5225472
5226036
5227506
5227596
5227674
5228562
5229744
5229876
5230110
5230158
5230290
5230314
5230782
5231652
5232144
5232318
5232768
5234808
5235066
5235570
5235930
5235996
5237646
5237700
5237706
5238330
5238738
5239110
5240016
5240934
5241048
5241732
5241936
5242284
5242428
5242542
5243610
5243964
5244222
5244786
5245020
5245572
5245962
5246664
5247888
5248806
5248962
5249274
5250942
5252940
5254038
5254344
5255538
5256846
5256864
5257374
5259192
5259234
5259954
5260002
5260926
5261880
5263290
5263482
5263704
5263926
5265840
5268396
5268828
5269092
5269278
5269320
5269908
5270238
5270286
5270526
5270574
5271222
5271864
5272464
5272608
5272722
5273262
5273670
5273760
5274396
5274738
5275068
5275152
5276532
5276550
5277282
5277312
5277582
5277822
5279478
5279484
5279784
5280516
5281266
5282994
5283378
5284398
5284806
5286894
5287578
5291376
5291448
5291808
5292504
5293308
5293566
5293848
5294706
5295006
5295558
5296272
5296428
5296770
5297658
5298042
5298264
5298450
5298738
5299914
5300418
5301474
5301654
5301792
5302542
5303034
5303418
5303490
5303658
5303688
5303880
5304108
5304558
5304642
5305056
5305746
5305770
5306016
5308500
5308728
5308962
5309700
5310624
5311050
5311650
5312382
5312514
5312670
5313114
5313234
5314032
5314374
5314806
5315370
5315640
5315880
5317188
5317338
5318130
5318748
5318844
5319174
5319342
5319348
5320008
5320386
5320830
5320998
5321556
5321580
5321724
5322402
5322660
5324004
5325846
5326122
5326302
5326458
5326638
5327682
5328186
5328588
5331228
5331258
5331378
5331390
5332050
5333232
5333364
5333514
5334996
5336232
5336340
5336358
5336394
5336688
5337774
5337990
5338392
5338530
5339148
5339916
5340054
5340408
5341086
5341932
5342676
5342688
5343258
5344590
5344980
5345430
5346246
5346552
5347500
5347824
5348166
5348214
5349858
5349894
5350746
5351052
5351274
5351910
5352714
5353944
5354148
5354916
5355414
5356344
5356632
5356926
5356944
5357394
5357526
5357952
5359332
5362188
5365434
5365608
5365650
5365764
5366856
5367588
5368746
5369646
5370234
5371332
5372112
5372496
5372502
5373846
5374296
5375664
5375742
5376534
5378154
5378778
5378898
5378958
5379204
5379384
5379828
5380362
5380632
5380806
5383908
5385366
5385666
5387142
5388438
5388732
5389014
5389134
5389626
5389638
5390016
5391006
5391546
5391558
5393178
5393982
5395308
5395638
5395806
5398068
5398692
5399286
5399538
5400456
5400522
5401122
5401524
5401866
5403564
5404368
5405310
5405550
5407542
5407608
5408106
5408286
5408316
5409342
5409930
5410512
5410536
5410680
5411238
5411280
5411328
5411820
5411886
5411970
5413962
5414514
5414928
5415018
5415108
5415324
5416128
5416866
5417352
5417742
5417748
5417766
5420094
5420556
5422398
5423010
5423448
5423556
5423616
5423760
5424228
5424600
5426118
5427018
5427924
5428014
5428272
5428296
5428506
5428662
5429874
5430294
5430480
5430516
5432142
5432172
5432538
5433042
5433390
5433582
5433798
5434884
5435202
5435424
5435844
5435856
5435982
5436348
5436630
5437830
5438406
5438448
5438454
5438580
5438676
5441862
5443296
5443590
5446140
5446188
5446872
5447286
5447352
5448666
5449854
5450406
5450562
5450832
5451348
5451390
5452926
5456430
5456658
5457006
5457456
5460078
5460228
5461200
5461452
5461734
5462538
5462844
5463186
5463540
5463888
5464356
5464542
5464914
5465472
5466864
5467134
5467266
5467980
5468172
5468766
5470482
5472582
5472882
5473164
5474100
5474106
5474910
5475618
5475912
5476638
5476944
5478162
5479602
5480310
5482476
5482920
5482992
5482998
5483040
5483490
5483862
5484126
5484552
5485194
5486376
5486418
5486598
5487078
5488554
5489406
5489964
5490132
5491098
5491140
5491644
5491782
5492664
5493672
5495586
5496318
5497188
5497278
5497896
5498724
5498808
5498970
5498988
5499216
5499522
5500578
5501244
5502048
5502216
5502228
5502438
5502918
5503494
5505252
5505858
5506374
5507508
5507622
5507838
5507898
5508054
5508810
5509266
5509494
5509620
5509944
5510010
5510448
5511642
5511948
5514672
5515038
5515512
5516406
5518344
5519076
5519316
5519496
5519508
5519562
5520078
5520168
5520228
5520246
5521548
5521710
5523708
5524482
5524950
5525052
5525658
5525706
5526024
5526054
5526810
5528028
5528424
5531124
5531298
5532810
5533620
5534058
5534196
5534382
5534652
5536002
5536218
5536578
5538900
5539092
5539620
5540256
5540310
5540580
5542734
5542872
5543436
5543760
5545152
5545188
5545440
5546634
5547222
5547402
5548032
5548872
5549226
5549442
5551248
5551974
5552250
5552370
5552646
5553174
5553216
5553708
5554818
5555100
5555928
5557446
5558094
5558178
5558268
5558436
5558592
5559030
5560368
5560956
5561034
5561532
5562078
5562264
5566038
5566188
5566620
5567454
5567796
5569110
5569308
5571114
5571480
5571894
5571924
5572026
5573040
5573160
5573388
5573526
5573688
5573742
5574180
5574522
5575788
5575824
5576250
5576508
5576832
5577372
5578554
5579814
5579916
5579928
5580168
5580498
5580948
5581008
5581104
5581326
5582142
5582172
5582634
5583060
5583546
5584428
5584488
5584974
5584986
5585484
5585790
5585880
5586414
5587026
5587602
5587740
5587764
5587986
5588382
5588634
5589180
5590566
5590914
5592654
5593020
5593200
5593230
5593314
5594622
5595588
5596200
5596644
5597598
5598006
5598600
5598792
5599368
5599728
5599806
5600766
5601642
5601714
5601984
5603100
5604516
5604528
5604960
5605494
5605920
5606214
5606328
5606382
5607492
5607648
5608380
5608962
5609118
5610870
5611404
5611716
5612232
5612652
5613486
5613840
5613858
5614512
5616336
5616402
5616942
5617128
5617374
5618352
5620470
5620902
5623314
5624112
5624154
5624244
5625768
5626266
5627796
5628126
5628492
5628648
5629464
5631576
5632722
5633328
5633454
5634216
5634366
5635020
5635746
5636874
5637312
5637474
5637720
5638080
5638380
5638776
5639772
5640012
5640372
5640594
5640828
5641224
5641362
5641956
5642022
5642256
5643120
5643486
5643954
5644494
5644830
5644902
5645214
5645472
5645622
5645706
5647482
5648538
5648622
5648940
5649294
5649396
5650026
5650554
5650788
5651544
5652702
5652744
5654058
5654508
5654706
5655000
5655048
5655198
5655684
5655780
5656404
5657130
5657508
5657730
5657904
5657916
5658366
5658372
5658696
5659422
5659848
5660406
5660646
5660652
5660760
5661000
5661114
5663262
5663850
5664528
5665992
5668332
5668680
5668806
5669088
5669712
5669922
5670438
5671008
5671356
5671872
5671950
5671974
5672796
5673108
5673678
5673852
5673870
5673900
5674014
5675016
5675562
5676312
5676948
5677506
5678016
5678382
5678574
5678634
5680080
5680644
5683212
5684190
5684370
5684880
5686494
5686734
5686968
5687124
5687592
5687718
5688768
5689620
5690412
5690472
5690538
5690622
5691708
5692116
5692818
5692902
5692938
5693220
5694498
5694618
5694642
5694702
5694966
5695506
5696208
5696322
5696838
5696910
5696934
5698044
5698416
5698548
5698950
5699892
5700288
5700366
5700486
5701134
5701782
5703294
5703912
5704170
5705490
5706282
5707818
5707836
5708346
5708562
5708766
5710464
5711310
5712330
5713914
5715156
5716656
5717196
5717790
5717886
5717922
5719182
5720532
5720736
5721906
5723148
5723352
5723484
5723856
5724192
5724264
5724858
5725470
5725998
5726724
5726868
5727882
5728308
5729436
5729550
5730504
5730636
5730666
5731242
5731386
5731434
5731770
5732208
5732274
5732412
5732448
5732706
5732922
5733456
5733600
5733918
5734140
5734176
5734320
5735340
5735508
5736300
5736600
5737938
5738340
5738466
5739258
5739288
5739540
5740026
5740434
5743008
5743596
5743968
5744490
5744796
5746548
5747196
5747556
5747832
5748150
5750070
5750166
5750214
5751132
5751600
5752218
5752362
5752494
5752680
5753424
5753454
5753640
5754636
5755050
5755158
5755842
5756640
5757174
5757570
5757666
5757852
5757930
5758182
5760282
5760996
5761200
5761374
5762082
5762394
5763042
5763858
5764098
5764464
5764938
5765172
5765922
5766096
5766240
5767386
5767878
5768130
5768334
5768748
5769720
5770152
5771340
5774076
5774202
5775522
5775816
5776908
5777154
5777712
5778330
5778342
5778522
5778792
5778888
5779032
5779158
5780244
5780370
5780454
5781414
5781516
5781858
5782062
5782404
5783196
5783406
5784348
5784432
5784912
5786004
5786370
5786760
5787420
5787468
5788116
5788746
5788842
5789208
5790690
5792124
5792172
5793024
5793330
5794278
5796660
5797350
5798790
5799072
5799330
5799372
5800326
5800338
5800890
5801244
5801508
5802456
5804322
5804838
5805312
5806506
5807322
5807562
5808078
5808258
5808306
5809146
5809278
5811588
5812302
5812872
5814114
5814192
5814264
5814414
5815914
5817108
5817402
5817414
5817444
5817594
5818860
5820528
5821314
5821548
5823996
5824554
5825028
5825550
5826402
5826840
5828490
5829078
5829474
5831136
5832900
5833170
5833218
5834634
5834760
5835066
5835678
5835750
5835774
5836164
5837082
5837544
5837868
5838144
5838684
5839272
5839824
5840400
5840502
5840580
5841666
5842644
5843472
5843820
5844642
5844936
5845128
5845284
5847942
5848254
5849544
5850420
5850918
5851044
5851296
5852922
5854368
5855982
5856690
5859456
5859648
5859894
5860542
5861238
5863044
5863344
5863632
5863668
5863722
5863926
5863986
5864904
5866092
5867082
5867640
5867982
5869506
5869650
5870028
5870844
5870940
5871678
5871858
5873406
5874396
5874642
5875152
5876700
5877042
5878506
5878644
5878740
5880096
5880510
5880702
5880984
5881914
5882304
5883408
5883870
5883936
5884434
5884554
5885232
5885988
5887848
5887890
5888022
5888526
5888886
5889270
5890008
5891748
5891946
5891988
5892234
5892552
5892612
5894010
5894964
5894988
5895162
5895852
5896248
5896518
5896710
5897376
5897862
5898126
5898648
5899446
5899650
5899740
5899932
5900070
5900154
5900688
5901168
5901618
5902236
5902260
5902374
5902680
5903196
5903592
5904018
5904534
5904546
5904966
5905116
5905638
5906136
5906364
5906514
5907006
5907834
5908404
5908938
5909040
5909304
5909940
5910414
5911170
5912538
5912832
5913084
5913210
5913390
5913498
5914446
5914812
5915550
5916510
5917638
5917800
5918922
5919180
5920080
5920320
5921160
5921460
5921604
5921682
5923542
5923776
5923842
5924202
5925546
5925690
5925870
5926392
5926854
5927484
5927628
5927664
5928132
5929854
5931168
5931606
5932152
5932698
5933304
5933700
5933862
5934648
5934726
5935422
5935770
5936472
5936766
5937624
5937630
5937822
5940324
5941788
5942064
5943246
5944272
5944374
5944770
5945706
5945988
5947128
5947278
5947524
5947752
5949018
5949852
5950434
5951574
5952546
5953398
5953752
5953770
5953788
5954538
5954610
5954868
5955078
5955258
5955984
5956914
5956992
5957220
5957838
5959380
5961234
5961282
5962146
5963514
5963784
5964654
5964870
5965764
5965812
5965920
5966112
5968998
5969388
5969982
5970762
5971020
5971200
5971212
5972832
5973066
5974422
5974446
5974548
5974830
5975094
5975928
5976852
5979114
5979660
5980800
5980938
5981088
5981304
5982360
5983074
5983236
5984076
5984100
5985174
5985666
5986056
5986956
5988264
5988564
5989026
5989560
5990430
5990610
5990616
5991006
5991378
5991912
5992098
5992398
5992956
5993778
5994048
5994318
5994444
5994972
5995626
5996112
5996442
5997084
5997462
5998068
5998452
5999316
5999850
