7
205
196
7
197
195
3
195
208
198
6
198
212
1
195
203
195
5
210
3
205
195
198
6
198
214
7
206
196
7
199
34
7
234
-1
1
199
204
199
7
199
44
7
213
-1
1
199
204
199
5
201
1
199
206
199
7
197
195
3
195
209
198
6
198
216
1
195
202
195
5
215
3
205
195
198
6
198
218
7
206
196
7
199
86
7
228
-1
1
199
204
199
7
199
96
7
217
-1
1
199
204
199
5
201
1
199
206
199
6
196
219
9
197
8
211
1
197
206
197
3
197
511
195
6
195
205
7
199
130
7
305
-1
1
199
204
199
7
199
140
7
220
-1
1
199
204
199
5
201
1
199
206
199
0
1
199
207
198
7
198
160
7
-1
200
7
200
166
7
-1
195
4
205
195
198
6
198
222
8
195
1
206
200
200
5
221
1
199
206
199
7
199
191
7
-1
198
5
198
0
0
1
0
510
0
152
-5
-3
-1
0
1
2
3
5
6
10
19
51
55
58
71
103
107
112
147
162
183
66
117
122
122
0
223
70
105
122
122
0
229
78
79
84
65
58
32
65
108
116
101
114
101
32
111
32
117
108
116
105
109
111
32
118
97
108
111
114
32
100
97
32
102
105
116
97
32
112
97
114
97
32
109
117
100
97
114
32
111
32
109
97
120
105
109
111
32
100
101
32
105
116
101
114
97
99
111
101
115
10
0
235
0
0
0
0
0
0
0
0
0
0
0
0
0
0
0
0
0
0
0
0
0
0
0
0
0
0
0
0
0
0
0
0
0
0
0
0
0
0
0
0
0
0
0
0
0
0
0
0
0
0
0
0
0
0
0
0
0
0
0
0
0
0
0
0
0
0
0
0
0
0
0
0
0
0
0
0
0
0
0
0
0
0
0
0
0
0
0
0
0
0
0
0
0
0
0
0
0
0
0
0
0
0
0
0
0
0
0
0
0
0
0
0
0
0
0
0
0
0
0
0
0
0
0
0
0
0
0
0
0
0
0
0
0
0
0
0
0
0
0
0
0
0
0
0
0
0
0
0
0
0
0
0
0
0
0
0
0
0
0
0
0
0
0
0
0
0
0
0
0
0
0
0
0
0
0
0
0
0
0
0
0
0
0
0
0
0
0
0
0
0
0
0
0
0
0
0
0
0
0
0
0
0
0
0
0
100
