16 16
1 1 1 1 1 1 1 1 5 5 5 5 5 5 5 5 
2 2 1 1 2 2 1 1 5 5 5 5 5 5 5 5 
2 2 1 1 2 2 1 1 5 5 5 5 5 5 5 5 
2 2 3 4 2 2 3 4 5 5 5 5 5 5 5 5 
1 1 1 1 1 1 1 1 5 5 5 5 5 5 5 5 
2 2 1 1 2 2 1 1 5 5 5 5 5 5 5 5 
2 2 1 1 2 2 1 1 5 5 5 5 5 5 5 5 
2 2 3 4 2 2 3 4 5 5 5 5 5 5 5 5 
1 1 1 1 1 1 1 1 6 6 6 6 7 7 7 7 
2 2 1 1 2 2 1 1 6 6 6 6 7 7 7 7 
2 2 1 1 2 2 1 1 6 6 6 6 7 7 7 7 
2 2 3 4 2 2 3 4 6 6 6 6 7 7 7 7 
1 1 1 1 1 1 1 1 8 8 9 9 9 9 9 9 
2 2 1 1 2 2 1 1 8 8 9 9 9 9 9 9 
2 2 1 1 2 2 1 1 9 9 9 9 9 9 9 9 
2 2 3 4 2 2 3 4 9 9 9 9 9 9 9 9 
