8
203
8
204
8
202
8
201
8
200
8
198
8
201
8
216
8
198
8
219
8
207
8
220
8
207
8
216
8
198
8
213
8
216
8
198
8
218
8
211
8
217
8
210
8
212
8
213
8
216
8
198
8
219
8
205
8
211
8
213
8
215
8
207
8
216
8
198
8
206
8
205
8
198
8
208
8
210
8
217
8
205
8
198
8
214
8
213
8
206
8
207
8
212
8
198
8
216
8
207
8
215
8
198
8
205
8
211
8
217
8
207
8
215
8
205
8
206
8
213
8
216
8
198
8
214
8
205
8
215
8
205
8
198
8
212
8
218
8
206
8
205
8
215
8
198
8
213
8
198
8
215
8
207
8
216
8
218
8
211
8
217
8
205
8
206
8
213
8
198
8
206
8
213
8
198
8
214
8
215
8
213
8
209
8
215
8
205
8
212
8
205
8
199
8
197
0
10
32
33
58
65
67
68
73
97
100
101
102
103
105
108
109
111
112
114
115
116
117
118
122
0
0
0
0
0
0
0
0
0
0
0
0
0
0
0
0
0
0
0
0
0
0
0
0
0
0
0
0
0
0
0
0
0
0
0
0
0
0
0
0
0
0
0
0
0
0
0
0
0
0
0
0
0
0
0
0
0
0
0
0
0
0
0
0
0
0
0
0
0
0
0
0
0
0
0
0
0
0
0
0
0
0
0
0
0
0
0
0
0
0
0
0
0
0
0
0
0
0
0
0
0
0
0
0
0
0
0
0
0
0
0
0
0
0
0
0
0
0
0
0
0
0
0
0
0
0
0
0
0
0
0
0
0
0
0
0
0
0
0
0
0
0
0
0
0
0
0
0
0
0
0
0
0
0
0
0
0
0
0
0
0
0
0
0
0
0
0
0
0
0
0
0
0
0
0
0
0
0
0
0
0
0
0
0
0
0
0
0
0
0
0
0
0
0
0
0
0
0
0
0
0
0
0
0
0
0
0
0
0
0
0
0
0
0
0
0
0
0
0
0
0
0
0
0
0
0
0
0
0
0
0
0
0
0
0
0
0
0
0
0
0
0
0
0
0
0
0
0
0
0
0
0
0
0
0
0
0
0
0
0
0
0
0
0
0
0
0
0
0
0
0
0
0
0
0
0
0
0
0
0
0
0
0
0
0
0
0
0
0
0
0
